0.005,8.946438,-0.14603716,-2.7681623,0.003,0.10146302,2.2349327,0.25061324
0.013,7.1454124,0.17076683,-2.2914617,0.012,0.07163564,2.276478,0.22291636
0.021,5.2496595,0.26814985,-2.2422009,0.02,0.07270091,2.2860653,0.22930796
0.032,3.2272682,0.41613847,-2.3989296,0.033,0.10678934,2.3190885,0.24102585
0.044,1.2382641,0.5537817,-2.0847816,0.043,0.3134505,2.3489158,0.2602006
0.053,-0.91054916,1.4620537,-2.3817573,0.054,0.29001468,2.280739,0.41572908
0.062,-2.9145508,1.5008111,-2.8585513,0.063,0.04393879,2.1891263,0.5403649
0.073,-4.91765,1.231703,-2.1601608,0.074,-0.053000193,2.1838,0.60321546
0.084,-6.350975,0.9441725,-1.3766812,0.085,-0.09880652,2.1209495,0.60108495
0.093,-8.018593,0.80959624,-0.6936575,0.094,-0.11478547,2.0527728,0.5712576
0.104,-9.762824,0.67238694,0.06638646,0.103,-0.087088615,1.9856611,0.520125
0.115,-11.304569,0.5045279,0.99854237,0.114,-0.050869666,1.794979,0.44236067
0.122,-12.723139,0.36073375,1.7896657,0.123,-0.035955977,1.4828569,0.33263853
0.133,-14.112918,0.1944707,1.776318,0.134,-0.09667599,1.1824524,0.1696532
0.142,-15.762911,0.0025343895,0.86232007,0.141,-0.17017917,1.1856482,0.0013415662
0.154,-17.688873,-0.16989446,-0.40224972,0.155,-0.18722339,1.6202757,-0.08174898
0.166,-18.941025,-0.35706294,-1.6341667,0.165,-0.042347554,2.3308065,-0.031681605
0.174,-17.956814,-0.31151652,-2.484842,0.175,0.24953465,2.6780822,0.14834793
0.185,-14.787204,-0.44989884,-2.6737633,0.184,0.54887366,2.1891263,0.33476904
0.193,-11.511877,-0.66998374,-3.5624537,0.194,0.77364427,1.261282,0.40401116
0.205,-9.680033,-0.6273203,-4.9872303,0.204,0.91106325,0.40907118,0.391228
0.215,-9.069668,-0.5758444,-5.835513,0.216,0.9355643,-0.17788902,0.27298376
0.224,-9.537132,-0.18017292,-5.433352,0.223,0.86419165,-0.63169134,0.10254161
0.235,-10.046823,0.40669274,-4.41475,0.236,0.74381685,-0.9928157,0.0066678836
0.246,-10.04711,1.0466754,-3.4962435,0.245,0.5605916,-1.3028073,-0.0039847516
0.256,-9.386183,1.3536956,-2.1563683,0.255,0.36032206,-1.592559,0.0024068297
0.266,-8.45401,1.5354297,0.3242898,0.265,0.20905463,-1.7225211,0.041821577
0.275,-6.976302,1.5685208,2.6137674,0.275,0.115311444,-1.3912243,0.08762792
0.286,-6.058131,1.4485613,2.757038,0.285,0.17603146,-0.4665754,0.11319424
0.296,-5.965118,1.5655894,3.4564219,0.295,0.33795154,0.39309224,0.13982582
0.307,-7.3868313,1.8066574,2.9689844,0.306,0.35712627,0.8799176,0.193089
0.316,-8.985176,1.8081269,1.7699211,0.317,0.2772315,1.0748608,0.22078584
0.325,-9.944652,1.8979671,1.2161715,0.324,0.27936205,1.132385,0.19415426
0.336,-10.253127,1.7051096,0.6324297,0.337,0.3475389,1.1568861,0.08123633
0.346,-10.415158,1.5206158,0.271903,0.343,0.40080208,1.0120102,-0.05192161
0.357,-10.587885,1.4051105,-0.32964832,0.356,0.4093242,0.7456944,-0.14033848
0.367,-10.484655,1.1853517,-0.74516183,0.366,0.3794968,0.4239849,-0.16697007
0.375,-10.049172,0.92305267,-1.0455222,0.376,0.28894943,0.09694897,-0.16483955
0.387,-9.318252,0.6373639,-1.4862988,0.388,0.11211566,-0.19067219,-0.18614481
0.396,-7.9102864,0.71341616,-1.8415527,0.395,-0.11478547,-0.5816239,-0.2532564
0.406,-6.337018,0.631708,-1.3710229,0.406,-0.21172445,-1.1611273,-0.3086501
0.417,-4.594183,0.4691199,-2.257108,0.416,-0.17550549,-1.693759,-0.26390904
0.427,-1.2117214,0.57823575,-4.4974875,0.426,-0.17763601,-2.1965635,-0.2095806
0.437,5.5558224,0.32134908,-4.4350157,0.438,-0.1637876,-2.8506353,-0.42263332
0.447,17.93222,-1.5010365,-1.1483384,0.446,-0.03489071,-4.2450647,-1.0159851
0.457,36.257652,-4.9152956,0.084629476,0.457,0.0055893045,-6.120994,-1.4111979
0.467,47.737236,-6.2772675,-12.223348,0.468,0.05352616,-5.2197814,-0.6623176
0.478,48.77332,-5.286088,-14.005739,0.477,0.5233073,-0.7105208,0.4349038
0.489,41.726055,-4.5772324,1.7265507,0.488,0.6767053,4.0107274,0.72252494
0.5,21.965061,-0.82013524,8.993472,0.499,0.61385477,4.64882,0.8002893
0.508,9.546751,2.4158049,4.795304,0.507,0.4881537,3.61871,1.0538219
0.518,4.5542345,1.947346,1.461376,0.517,0.3123852,3.4269626,0.9025545
0.527,0.57134724,2.9207542,0.13409601,0.526,0.15472619,3.582491,0.4817754
0.538,-2.0832567,4.1863747,0.72427154,0.539,0.057787213,2.9710298,0.07697528
0.547,-3.4316063,4.7901893,1.298848,0.546,-0.120111786,1.3848525,-0.20318903
0.559,-4.584094,4.919193,0.50737166,0.558,-0.43649504,-0.3185038,-0.36723962
0.57,-4.691759,4.4394493,-1.0444345,0.569,-0.81999,-1.3613968,-0.50678915
0.579,-3.6319885,3.3293924,-1.6832231,0.579,-1.1044152,-1.6181253,-0.5802923
0.59,-3.250308,2.5012655,-1.6116043,0.589,-1.2642047,-1.2932199,-0.4897449
0.598,-2.6476316,1.5368991,-1.3011615,0.599,-1.2823143,-0.6348871,-0.29373643
0.609,-2.161829,0.27945626,-0.4318687,0.61,-1.1630048,-0.015968967,-0.14566481
0.618,-1.9213514,-1.1139437,0.1823035,0.617,-0.9691269,0.4665954,-0.03913845
0.63,-2.3755608,-1.8195674,0.30146778,0.628,-0.7464868,0.6966923,0.08762792
0.639,-2.2462769,-2.8500896,0.29783902,0.64,-0.59628457,0.60401434,0.1494132
0.65,-2.556054,-3.1716743,-0.38151357,0.651,-0.4961498,0.5912312,0.18456689
0.659,-2.7902832,-3.1544137,0.018887267,0.659,-0.3821666,0.5731217,0.14408687
0.671,-3.1387491,-2.8592038,0.3998735,0.67,-0.2681834,0.46553013,0.049278423
0.68,-3.5328064,-2.5239072,0.5072478,0.679,-0.20533288,0.23543322,-0.0753574
0.691,-4.0162706,-2.01765,0.5284563,0.69,-0.16591813,-0.025556337,-0.17868797
0.7,-4.1731606,-1.4582384,0.4597531,0.699,-0.14674337,-0.25139222,-0.2575175
0.713,-3.9847336,-0.84818065,0.33873805,0.711,-0.13289495,-0.39094174,-0.31504172
0.717,-3.2217789,-0.30498612,0.3579117,0.718,-0.110524416,-0.46977124,-0.37256593
0.73,-2.0884943,0.04717332,0.4513078,0.729,-0.078566514,-0.50492495,-0.43861228
0.74,-1.0181341,0.35611534,0.48298952,0.739,-0.054065455,-0.47722808,-0.48335332
0.751,-0.069867134,0.6502836,0.31336933,0.75,-0.040217027,-0.41757333,-0.46204805
0.761,0.7859287,0.8525558,-0.2488498,0.76,-0.04341282,-0.33448273,-0.35765225
0.772,1.8631096,0.6701111,-0.6671263,0.771,-0.05619598,-0.28015432,-0.22342904
0.782,2.7214956,0.5847074,-0.9485164,0.781,-0.05619598,-0.21943429,-0.07642266
0.792,3.299468,0.418145,-0.8312489,0.791,-0.0380865,-0.06603635,0.08123633
0.801,3.5164871,0.16451931,-0.42580765,0.802,-0.015715966,0.19069216,0.21013321
0.812,3.2059555,-0.12852722,0.27134073,0.811,0.002393514,0.43037644,0.24954796
0.82,2.662551,-0.292751,0.642243,0.819,0.023698784,0.6572775,0.23569955
0.832,1.7744093,-0.3957919,0.84421825,0.831,0.03861247,0.82132816,0.18350162
0.841,0.64730644,-0.44737,0.8622289,0.842,0.05352616,0.9150713,0.115324765
0.852,-0.45734406,-0.5403209,0.6321229,0.853,0.06737459,0.9331808,0.040756315
0.862,-1.4180098,-0.5519698,0.5321673,0.861,0.09294092,0.8373071,-0.034877393
0.872,-2.283146,-0.5808781,0.34847057,0.871,0.12596408,0.6594081,-0.093466885
0.882,-2.941598,-0.57479256,0.21325201,0.883,0.14726935,0.3994838,-0.12329426
0.893,-3.2771893,-0.5263888,-0.0041050315,0.892,0.14513883,0.061795272,-0.1307511
0.901,-3.253065,-0.43344736,-0.11171985,0.902,0.12063776,-0.29932907,-0.12649006
0.912,-2.7364092,-0.30909002,0.012025237,0.913,0.088679865,-0.58908075,-0.1254248
0.925,-1.7469292,-0.18949366,0.38118756,0.924,0.07163564,-0.73928297,-0.14353427
0.933,-0.5737734,-0.056701064,0.7937034,0.932,0.060983006,-0.74673975,-0.16803533
0.941,0.5104637,0.14200276,0.8801292,0.942,0.029025102,-0.6508661,-0.17975323
0.954,1.2367039,0.40134144,0.7447113,0.952,-0.021042284,-0.50172913,-0.17655745
0.962,1.5699501,0.6118219,0.53123945,0.963,-0.07430546,-0.3451354,-0.16270901
0.974,1.6618986,0.7309096,0.29868448,0.974,-0.120111786,-0.21197745,-0.14353427
0.982,1.4578705,0.7393203,0.04699421,0.983,-0.1552655,-0.10971215,-0.11690267
0.993,1.0516996,0.5926058,-0.08944981,0.992,-0.1723097,-0.040470026,-0.079618454
1.003,0.63741684,0.42123842,-0.11987504,1.002,-0.1808318,0.0032057776,-0.03700792
1.014,0.274745,0.23293698,-0.082725346,1.013,-0.1808318,0.015988939,-0.002919488
1.021,-0.022230148,0.007791698,-0.011070475,1.021,-0.18189706,-0.0031858035,0.018385783
1.034,-0.3494072,-0.21950126,1.4905632E-4,1.033,-0.18615814,-0.04899213,0.026907891
1.043,-0.6256046,-0.36893487,0.094674975,1.044,-0.1840276,-0.12143005,0.021581572
1.053,-0.8487005,-0.42295414,0.22703962,1.054,-0.17976654,-0.21197745,0.0034720933
1.063,-0.94006634,-0.45234764,0.38694805,1.064,-0.16591813,-0.30891642,-0.025290024
1.075,-0.98369503,-0.4271726,0.4458348,1.074,-0.15846127,-0.39839858,-0.061508983
1.085,-0.9629383,-0.3267848,0.3913317,1.084,-0.16165707,-0.47403228,-0.091336355
1.095,-0.9040823,-0.24632996,0.33951247,1.094,-0.17017917,-0.5581881,-0.12329426
1.104,-0.64941216,-0.13341272,0.33425012,1.105,-0.17124443,-0.64660496,-0.17016585
1.114,-0.49088478,-0.03974855,0.390083,1.115,-0.16591813,-0.70519453,-0.20851535
1.123,-0.53080845,0.07613462,0.3199946,1.122,-0.18296233,-0.7233039,-0.20745008
1.136,-0.58438873,0.1749546,0.17783256,1.135,-0.21278971,-0.727565,-0.18188375
1.142,-0.5128422,0.21366704,0.08198735,1.143,-0.24368235,-0.74247867,-0.14779533
1.155,-0.42153168,0.22426534,-9.480119E-5,1.155,-0.26605287,-0.7510008,-0.11264162
1.165,-0.25793552,0.27620202,-0.033277184,1.166,-0.27883604,-0.7488703,-0.0870753
1.175,-0.0701313,0.29437536,-0.054562926,1.174,-0.28629288,-0.7456745,-0.06790055
1.185,0.019899368,0.21614844,-0.10245305,1.186,-0.29055393,-0.74247867,-0.05724793
1.196,-0.023503304,0.17475134,-0.18640423,1.195,-0.294815,-0.7286303,-0.0551174
1.205,-0.22642612,0.04739976,-0.25480074,1.206,-0.3033371,-0.727565,-0.05724793
1.217,-0.4976158,-0.051446974,-0.37092733,1.215,-0.31718552,-0.7499355,-0.06683529
1.225,-0.8176193,-0.09635627,-0.45831913,1.224,-0.32996866,-0.78935033,-0.08920583
1.235,-1.1387663,-0.10001624,-0.55313575,1.236,-0.3438171,-0.8383524,-0.110511094
1.246,-1.5007105,-0.042239428,-0.6435697,1.247,-0.3619266,-0.8926808,-0.13288163
1.256,-1.7768793,0.10116267,-0.6856029,1.257,-0.38323185,-0.9640535,-0.15844797
1.267,-2.009534,0.2329264,-0.6631063,1.266,-0.39814556,-1.0439482,-0.1808185
1.277,-2.1900387,0.32209957,-0.6621758,1.276,-0.4024066,-1.119582,-0.19679745
1.289,-2.468275,0.39950672,-0.6351758,1.287,-0.40666765,-1.1813673,-0.19892797
1.296,-2.7674332,0.3923956,-0.597875,1.297,-0.41838554,-1.2538052,-0.18294902
1.307,-3.07267,0.2858383,-0.65691257,1.308,-0.4226466,-1.3123946,-0.14886059
1.317,-3.4245186,0.17267324,-0.6485661,1.317,-0.41945082,-1.3667232,-0.110511094
1.326,-3.7749414,0.036686033,-0.53047466,1.324,-0.40773293,-1.4338347,-0.07748792
1.349,-4.102006,-0.09374687,-0.29708362,1.349,-0.38962343,-1.5147948,-0.050856348
1.35,-4.388501,-0.2143366,0.059687138,1.35,-0.35446975,-1.592559,-0.03381213
1.357,-4.6722393,-0.30345446,0.48075044,1.357,-0.2969455,-1.6373,-0.031681605
1.367,-4.9019938,-0.36556596,0.97656167,1.366,-0.22131181,-1.6522137,-0.043399505
1.376,-4.9419403,-0.37447512,1.3972878,1.378,-0.14674337,-1.6607358,-0.0636395
1.387,-4.7877636,-0.27646893,1.7053533,1.386,-0.09241493,-1.6671274,-0.091336355
1.397,-4.4330845,-0.20795533,2.0754397,1.398,-0.057261243,-1.6713885,-0.12435951
1.406,-4.05048,-0.21328291,2.453411,1.407,-0.045543347,-1.6532791,-0.14459954
1.417,-3.6694632,-0.23675816,2.7176676,1.416,-0.051934928,-1.5936242,-0.15099111
1.426,-3.2579784,-0.26094916,2.79105,1.425,-0.068979144,-1.5020115,-0.15099111
1.438,-2.7004585,-0.2880442,2.7022505,1.437,-0.07430546,-1.4093336,-0.15525217
1.447,-1.9020491,-0.29414606,2.5091798,1.448,-0.05619598,-1.3486136,-0.1776227
1.459,-0.7311945,-0.32060525,2.1812854,1.458,-0.024238074,-1.3305042,-0.21810272
1.469,0.79354954,-0.40420842,1.7514987,1.468,0.011980884,-1.342222,-0.27349642
1.479,2.5696917,-0.57927716,1.251379,1.478,0.07057038,-1.3528748,-0.32995537
1.489,4.1928177,-0.82312465,0.77421904,1.488,0.13555145,-1.3187863,-0.35658696
1.499,5.3006887,-1.0704598,0.42848969,1.5,0.18242306,-1.1589967,-0.29693222
1.508,5.87232,-1.2643932,0.25822115,1.509,0.21864201,-0.82769984,-0.17655745
1.519,6.4171467,-1.2068617,0.17706442,1.518,0.26444834,-0.35365748,-0.0551174
1.527,6.9305077,-0.7260304,-0.003908634,1.527,0.32516837,0.08310054,0.022646837
1.54,6.950327,-0.21647213,-0.6058321,1.539,0.37097472,0.35687327,0.06525738
1.549,6.9697676,0.11193434,-1.3638997,1.548,0.39227998,0.47724804,0.062061585
1.56,7.249222,0.3421136,-1.9967899,1.558,0.39227998,0.47937855,0.019451044
1.569,7.7323236,0.47341663,-2.6524262,1.57,0.37417048,0.41013643,-0.031681605
1.581,8.297331,0.6123425,-3.264851,1.58,0.34540838,0.3472859,-0.05724793
1.588,9.007055,0.66611946,-3.5120168,1.589,0.3272989,0.32811117,-0.06577003
1.599,9.637049,0.56998855,-3.28624,1.6,0.3123852,0.3643301,-0.06683529
1.611,10.053697,0.4541683,-3.0595827,1.61,0.2836231,0.44529015,-0.05831319
1.618,10.547238,0.25442,-2.833552,1.617,0.25059992,0.5390333,-0.050856348
1.628,11.032198,0.053998098,-2.8863897,1.627,0.21331568,0.6285155,-0.046595294
1.641,11.219764,0.04663603,-3.365561,1.64,0.1664441,0.69136596,-0.029551078
1.65,11.464378,0.1486754,-3.8924198,1.651,0.117441975,0.7307807,-0.002919488
1.661,11.720028,0.26772392,-4.3679233,1.66,0.078027226,0.7904355,0.032234207
1.672,11.833752,0.44273996,-4.617546,1.673,0.066309325,0.89163554,0.08123633
1.681,11.915189,0.5089906,-4.711379,1.68,0.07163564,1.026924,0.1344995
1.69,11.872584,0.5228272,-4.586239,1.691,0.10465881,1.2144104,0.193089
1.702,11.735778,0.3808383,-4.2191763,1.701,0.1749662,1.4658126,0.2484827
1.711,11.4771,0.17049545,-3.9613342,1.71,0.23888202,1.7001705,0.2921585
1.719,11.21797,0.017160773,-3.6918485,1.718,0.28149256,1.8525032,0.3017459
1.73,10.455498,-0.124019176,-3.420204,1.731,0.28468835,1.9920528,0.26446164
1.741,9.199179,-0.0033239126,-3.0258002,1.742,0.26444834,2.1347978,0.2399606
1.751,7.3386784,1.0600287,-2.691045,1.75,0.3134505,2.3680906,0.2836364
1.761,6.592469,-0.47382897,-2.3149714,1.762,0.19094516,2.3680906,0.3187901
1.771,4.4392834,-1.4137325,-1.895792,1.772,0.18242306,2.36596,0.36566168
1.782,2.029786,-1.1881722,-1.9618127,1.781,0.28788415,2.3553073,0.3997501
1.792,-0.69730663,-1.2350652,-2.0811024,1.793,0.3794968,2.3340023,0.42744696
1.803,-3.2201538,-1.1703885,-2.1112547,1.804,0.4817621,2.2775433,0.4764491
1.812,-5.0512257,-1.253,-1.6976908,1.811,0.5669831,2.0879264,0.48710173
1.821,-6.5304193,-1.3533111,-1.2457774,1.82,0.6287684,1.8610253,0.447687
1.832,-8.077956,-1.2880914,-0.6966398,1.831,0.6671179,1.625602,0.38909748
1.843,-9.89343,-1.0050371,0.08427441,1.842,0.67137897,1.3752651,0.33476904
1.852,-11.475431,-0.5787468,0.7212349,1.853,0.64048636,1.1398419,0.2751143
1.864,-12.797168,-0.017318308,1.0675147,1.863,0.5808316,0.9960313,0.24422164
1.873,-13.958358,0.69133765,1.0482999,1.872,0.49774104,0.97898716,0.26978797
1.885,-14.642059,1.4905517,0.740099,1.883,0.3976063,1.0610125,0.31985536
1.893,-14.835222,2.296533,0.4640107,1.894,0.35712627,1.1739303,0.3070722
1.903,-14.412872,2.8739305,-0.03206384,1.904,0.37630102,1.1920398,0.25807008
1.913,-13.462554,3.0192032,-0.59308547,1.913,0.45299998,1.010945,0.17284898
1.922,-12.332574,2.8780403,-1.5057766,1.921,0.5201115,0.69562703,0.06738791
1.933,-11.067481,2.5444944,-2.319785,1.933,0.53076416,0.32385013,-0.049791083
1.943,-10.086508,2.0594172,-2.5998628,1.942,0.5115894,0.011727885,-0.1808185
1.953,-9.439561,1.5293182,-2.313266,1.954,0.4870884,-0.14380059,-0.2979975
1.963,-8.795801,0.9352035,-1.7629265,1.964,0.42743367,-0.12782164,-0.3469996
1.973,-7.9268274,0.24875194,-1.1148564,1.974,0.34966946,0.036228947,-0.34593436
1.984,-7.2412777,-0.2564919,-0.32328373,1.983,0.27616623,0.27058694,-0.3320859
1.993,-7.058647,-0.4030565,0.25568056,1.995,0.19094516,0.5262501,-0.31610695
2.005,-7.1408615,-0.26321167,0.54666764,2.003,0.09400618,0.7808481,-0.31291115
2.014,-7.6279626,0.2614721,0.62705135,2.014,0.023698784,0.9981619,-0.31504172
2.023,-8.499426,0.62714994,0.43625244,2.023,-0.025303336,1.1185366,-0.30332378
2.034,-9.409956,0.73762476,0.017593563,2.034,-0.03702124,1.164343,-0.27349642
2.045,-10.087006,0.8914661,-0.3394873,2.043,-0.057261243,1.1249282,-0.2042543
2.054,-10.519423,0.9179686,-0.70572966,2.055,-0.07217493,1.0397072,-0.13927323
2.065,-10.87328,0.87912035,-0.8689772,2.066,-0.06684861,0.92891973,-0.0987932
2.074,-11.130358,0.87293684,-1.1213899,2.075,-0.07217493,0.7701954,-0.06470477
2.086,-11.274994,0.81037694,-0.8919499,2.085,-0.05832651,0.54649013,-0.03700792
2.095,-10.957275,0.44225764,-0.9166853,2.096,-0.051934928,0.33876377,-0.029551078
2.106,-9.985126,0.30989474,-1.3853679,2.105,-0.17337497,0.027706835,-0.08601004
2.115,-8.113405,0.5084229,-1.6222092,2.116,-0.37044868,-0.40479013,-0.22982061
2.126,-5.8097353,0.58275616,-1.4918852,2.123,-0.5121288,-0.9374219,-0.42795962
2.136,-3.3506193,0.742334,-1.7153493,2.135,-0.5994804,-1.4924241,-0.63781655
2.144,0.32115173,0.7433259,-2.6266036,2.143,-0.6740489,-2.0474267,-0.8572608
2.155,6.1540623,0.66356814,-2.8029149,2.155,-0.707072,-2.8825932,-1.0223767
2.168,15.488852,-0.23608172,-1.7701366,2.167,-0.6442215,-4.3462653,-1.0095936
2.176,26.385185,-1.641711,-2.3703778,2.175,-0.50999826,-5.409398,-0.4109154
2.189,38.18016,-3.676149,-6.4145083,2.19,-0.024238074,-3.338526,0.34648696
2.201,42.78558,-3.8036592,-5.621114,2.2,0.30066732,0.9065492,0.6692619
2.207,33.4297,-2.1879084,3.5686226,2.206,0.26444834,2.7995222,0.6138681
2.216,19.692379,-0.8493533,7.3887815,2.217,0.51798105,3.0168362,0.5361039
2.227,11.284896,0.034498155,4.9262824,2.226,0.849278,3.0232277,0.56593126
2.236,6.657383,0.8578465,0.2024814,2.237,0.27190518,2.9784865,0.41253328
2.248,2.0184526,1.0394988,0.7170111,2.247,-0.050869666,2.740933,0.23356901
2.256,-0.9153366,1.3540869,2.6129687,2.257,-0.17870128,2.094318,0.09615002
2.267,-2.4772606,1.8995607,2.2595854,2.268,-0.4578003,1.0386418,0.03543
2.276,-3.0046663,2.6476607,2.3366432,2.277,-0.64102566,0.015988939,0.047147896
2.287,-2.0528517,2.7134864,2.0228024,2.289,-0.75607413,-0.76911026,0.034364734
2.297,-1.2343893,2.3150606,1.182933,2.298,-0.824251,-1.0609926,0.106802665
2.308,-0.21346474,1.7166216,0.77091014,2.306,-0.71452886,-0.80213344,0.2016111
2.317,0.707922,0.9793023,0.72585255,2.316,-0.50147617,-0.3600491,0.22078584
2.328,1.1237259,0.3491438,0.09620321,2.327,-0.31292444,0.056468956,0.15260899
2.338,0.9264107,-0.057901382,-0.6671663,2.337,-0.21385498,0.3185238,0.051408947
2.347,0.4699669,-0.30712855,-1.3737862,2.346,-0.21385498,0.45700803,-0.028485812
2.357,-0.4868908,-0.34119612,-1.8533397,2.358,-0.2969455,0.5443596,-0.070031084
2.369,-1.4192419,-0.46231437,-1.9548509,2.368,-0.3523392,0.6263849,-0.11264162
2.378,-2.5111923,-0.47683674,-1.7339689,2.377,-0.38962343,0.56886065,-0.13501216
2.388,-3.851388,-0.24744755,-1.5678623,2.387,-0.3938845,0.4250501,-0.11477215
2.397,-5.0792637,-0.11624503,-1.2777088,2.398,-0.40773293,0.20347533,-0.08814056
2.413,-6.2506685,0.12498975,-0.9617386,2.411,-0.40986344,-0.004251067,-0.06044372
2.418,-7.2940474,0.39465368,-0.78876877,2.419,-0.39601502,-0.13421321,-0.022094231
2.428,-7.946141,0.683946,-0.4316526,2.429,-0.3587308,-0.20345534,0.009863675
2.438,-8.052111,1.0110793,-0.24581277,2.439,-0.29588026,-0.22689115,0.022646837
2.449,-7.1662235,1.3045973,-0.24979615,2.448,-0.2564655,-0.31317747,-0.016767915
2.459,-5.5546236,1.3709574,-0.14538342,2.46,-0.2074634,-0.46977124,-0.079618454
2.47,-3.8481302,1.5429327,-0.31084076,2.469,-0.21492024,-0.5762976,-0.11477215
2.48,-1.8096733,1.4840221,-0.0976184,2.479,-0.20320235,-0.61784285,-0.19466692
2.489,0.7298374,0.8295271,0.15003693,2.488,-0.20639813,-0.5976029,-0.3267596
2.499,2.92338,0.37166578,-0.32888702,2.499,-0.2681834,-0.60932076,-0.3874796
2.51,4.8438683,-0.19832283,-1.0177717,2.51,-0.33955604,-0.64021343,-0.40771964
2.519,6.1887665,-0.87632394,-1.340708,2.52,-0.35553503,-0.5944071,-0.4034586
2.53,6.678007,-1.4019278,-1.4115185,2.529,-0.34168658,-0.3856154,-0.33634698
2.539,5.953717,-1.449944,-1.1223412,2.539,-0.34062132,0.0053363047,-0.19360167
2.551,4.6236944,-0.9720311,-0.33944148,2.55,-0.33955604,0.40374485,-0.03594266
2.561,3.062376,-0.20987263,0.2902587,2.559,-0.34594765,0.69988805,0.10999845
2.57,1.3063669,0.7255948,0.59673303,2.569,-0.29268447,0.97898716,0.2399606
2.58,0.058852196,1.0113282,0.49388462,2.581,-0.23835604,1.1547556,0.34861746
2.591,-1.1399164,0.721532,0.5340911,2.59,-0.16804865,1.1717998,0.34329113
2.601,-2.1645107,1.1604977,-0.01302582,2.6,-0.11372021,1.0940355,0.2921585
2.612,-2.7631006,1.1749587,-0.5083196,2.611,-0.08495809,0.86074287,0.193089
2.619,-3.2231197,0.840263,-0.9199345,2.618,-0.068979144,0.4665954,0.0823016
2.631,-3.3921185,0.21070486,-1.1248769,2.63,-0.057261243,-0.02875213,-0.031681605
2.641,-3.2168407,-0.4614107,-0.9731608,2.64,-0.04767387,-0.5262302,-0.13714269
2.651,-2.7962656,-1.0107436,-0.58970046,2.65,-0.03702124,-0.864984,-0.20212376
2.66,-2.0455084,-1.4753993,-0.035944045,2.661,-0.027433865,-0.9736409,-0.21490693
2.671,-0.83503246,-1.8125267,0.5031203,2.671,-0.012520175,-0.8713756,-0.20638482
2.682,0.75874615,-1.9187285,1.038054,2.681,0.026894573,-0.62636495,-0.20638482
2.693,1.9730797,-1.5995903,1.4091309,2.692,0.088679865,-0.36963645,-0.2095806
2.702,2.2469893,-1.0071056,1.393251,2.701,0.14513883,-0.1608448,-0.17655745
2.711,1.8166819,-0.36061215,1.1179127,2.712,0.18348831,-0.011707912,-0.0987932
2.72,1.2452688,0.37286353,0.86920965,2.721,0.20798938,0.10440581,0.0066678836
2.734,0.89147663,0.646293,0.7029081,2.733,0.20585884,0.15340795,0.104672134
2.741,0.6420889,0.8616502,0.5800464,2.742,0.20479357,0.14382057,0.16752268
2.753,0.24070358,1.127958,0.27680624,2.751,0.18561883,0.10440581,0.193089
2.761,-0.11432266,1.0831413,0.014078021,2.762,0.15046515,0.051142637,0.19095847
2.772,-0.47113132,0.83530533,-0.029981792,2.771,0.1195725,-0.019164756,0.16539215
2.783,-0.80844975,0.49973607,-0.064552486,2.782,0.098267235,-0.08840688,0.13023844
2.793,-1.0690355,0.13782978,-0.039627075,2.792,0.07057038,-0.1640406,0.09615002
2.802,-1.1216822,-0.15941703,-0.07177803,2.803,0.03754721,-0.23647852,0.05993106
2.813,-1.036171,-0.39712483,-0.048832804,2.813,0.0077198315,-0.30785117,0.025842626
2.82,-0.8056183,-0.39366084,0.028954,2.821,-0.0029328037,-0.37496275,-0.0061152787
2.835,-0.55454445,-0.6083114,-0.025459379,2.833,-0.04341282,-0.4655102,-0.043399505
2.843,-0.43837452,-0.5104612,-0.058743805,2.844,-0.04447808,-0.5006639,-0.05298687
2.853,-0.17192554,-0.24653888,0.071576685,2.852,-0.028499128,-0.53049123,-0.054052137
2.862,-0.039806366,0.026100755,0.006057501,2.863,-0.022107547,-0.5411439,-0.038073182
2.873,0.023033142,0.2637365,0.082672685,2.874,-0.026368601,-0.54007864,-0.018898442
2.884,0.031157494,0.52175504,0.13992594,2.883,-0.035955977,-0.5464702,-0.0039847516
2.894,-0.06790161,0.60853887,0.1379824,2.893,-0.051934928,-0.5581881,0.008798411
2.903,-0.18069649,0.6246653,0.12056302,2.904,-0.07537072,-0.58695024,0.018385783
2.914,-0.4147215,0.55325973,0.118056566,2.913,-0.09454547,-0.6348871,0.02051631
2.923,-0.6740866,0.4415753,0.09881958,2.922,-0.10732862,-0.6902808,0.024777364
2.935,-0.77944374,0.12967539,0.024134256,2.934,-0.10413284,-0.7328913,0.029038414
2.947,-0.9986563,-0.33151317,0.09354222,2.946,-0.087088615,-0.78935033,0.00560262
2.955,-1.3314886,-0.43066877,-0.066031426,2.954,-0.09134967,-0.8628535,-0.0061152787
2.964,-1.5096283,-0.5021739,-0.18720502,2.965,-0.09774125,-0.9342261,-0.013572123
2.975,-1.5980291,-0.5097686,-0.38461748,2.974,-0.0817623,-1.0013378,-0.034877393
2.985,-1.6851158,-0.528985,-0.5560802,2.986,-0.07217493,-1.1046684,-0.05724793
2.995,-1.8134909,-0.48104262,-0.7222278,2.994,-0.06471808,-1.2026726,-0.0753574
3.005,-2.030488,-0.3585447,-0.8999644,3.004,-0.060457036,-1.2836325,-0.0870753
3.014,-2.247241,-0.20406824,-1.1532633,3.015,-0.068979144,-1.3603315,-0.09559741
3.023,-2.4133043,-0.046149313,-1.3846198,3.024,-0.08389283,-1.4370306,-0.10625004
3.035,-2.6718187,0.12442744,-1.4239712,3.034,-0.10626336,-1.5211864,-0.11370689
3.045,-2.8739805,0.26242244,-1.4362552,3.044,-0.12969916,-1.5978854,-0.11796794
3.056,-2.9789886,0.35378364,-1.3743267,3.055,-0.15100443,-1.6468874,-0.12329426
3.066,-3.1521301,0.38418877,-1.110197,3.065,-0.16165707,-1.6618011,-0.1307511
3.075,-3.2932415,0.26049668,-0.8052288,3.074,-0.17657076,-1.6351695,-0.1339469
3.086,-3.4819489,0.14346299,-0.46326602,3.085,-0.20107181,-1.5840368,-0.12222899
3.095,-3.838297,0.13226819,-0.14451909,3.094,-0.22983393,-1.5030769,-0.101988986
3.106,-4.06164,0.11495906,0.37314475,3.105,-0.2511392,-1.4349,-0.08601004
3.116,-4.2145557,0.02674222,1.0186665,3.115,-0.25966132,-1.4018768,-0.07642266
3.125,-4.3707094,-0.06564984,1.64939,3.124,-0.24368235,-1.3858978,-0.07322687
3.137,-4.3769226,-0.19801748,2.343219,3.136,-0.2042676,-1.39442,-0.06683529
3.143,-4.1518316,-0.42421746,2.7983785,3.145,-0.16485286,-1.4050726,-0.061508983
3.159,-3.736394,-0.6150453,2.765379,3.158,-0.14887391,-1.3890936,-0.06470477
3.166,-3.000558,-0.7743268,2.6203144,3.167,-0.13715601,-1.3656578,-0.09240162
3.179,-1.9573755,-0.90685713,2.432366,3.176,-0.10732862,-1.317721,-0.16057849
3.186,-0.5657778,-1.089741,1.9456604,3.186,-0.077501245,-1.261262,-0.26710486
3.198,1.0534315,-1.2210526,1.5476142,3.197,-0.0380865,-1.25274,-0.40026277
3.207,2.5044994,-1.3769038,1.3714001,3.207,0.015176676,-1.2825673,-0.5035933
3.216,3.6460142,-1.6088697,1.4485581,3.217,0.07376617,-1.2239778,-0.5472691
3.227,4.2918243,-1.8609247,1.6631356,3.228,0.12063776,-0.9502051,-0.49400595
3.238,4.583872,-1.9460669,1.7577156,3.237,0.15898725,-0.49746805,-0.33741224
3.247,5.090082,-1.7618353,1.9068614,3.248,0.22077253,-0.030882657,-0.14673007
3.257,5.627904,-1.2793096,1.5675867,3.256,0.2804273,0.31106693,0.026907891
3.268,6.046006,-0.7272612,0.75781226,3.269,0.3475389,0.51453227,0.13876057
3.279,6.2604113,-0.19834828,-0.045408726,3.278,0.4359558,0.6412986,0.18989322
3.287,6.6540165,0.29629928,-0.83927584,3.29,0.5073284,0.72651964,0.16219635
3.298,7.137103,0.6104454,-1.656148,3.297,0.5360905,0.7819134,0.06738791
3.308,7.3711834,0.84193957,-2.3426406,3.307,0.4966758,0.7542165,-0.03061634
3.318,7.443413,1.0742452,-2.5521393,3.317,0.39547575,0.6657996,-0.06470477
3.329,7.6956615,1.0720917,-2.1127944,3.328,0.29534099,0.61573225,-0.026355289
3.339,8.379561,0.95751214,-1.5576518,3.338,0.21864201,0.6285155,0.03649526
3.347,9.468062,0.7769669,-1.2846882,3.346,0.17603146,0.6476902,0.08869318
3.359,10.7198,0.64239585,-1.2450562,3.358,0.17922726,0.6263849,0.116390035
3.37,11.686395,0.65015984,-1.6255052,3.371,0.2101199,0.5965575,0.10786793
3.38,12.288639,0.5385707,-1.9238124,3.379,0.25592625,0.57844806,0.052474216
3.389,12.329925,0.15415637,-2.3594878,3.388,0.28149256,0.61360174,-0.011441596
3.399,11.90756,-0.25448325,-2.5915668,3.399,0.2868189,0.66899544,-0.032746866
3.409,11.336707,-0.4992422,-2.6661658,3.409,0.27829677,0.74462914,-0.019963704
3.419,10.81808,-0.5657918,-2.657321,3.418,0.2633831,0.8245239,-7.889604E-4
3.429,10.406591,-0.46849072,-2.529805,3.428,0.25166517,0.8905703,0.0013415662
3.44,10.064235,-0.28812855,-2.574225,3.439,0.23568621,0.9193323,-0.010376332
3.449,9.562573,-0.043090224,-2.7554247,3.45,0.19946727,0.90974504,-0.0061152787
3.46,9.063175,0.24839516,-2.940436,3.459,0.157922,0.8799176,0.018385783
3.469,8.638309,0.5116482,-2.8427618,3.47,0.14194304,0.8522208,0.054604743
3.48,8.211239,0.6888773,-2.6546063,3.479,0.16218305,0.87459135,0.10254161
3.489,7.5848913,0.83969975,-2.5387993,3.49,0.16218305,0.954486,0.17924057
3.501,6.632023,0.7945229,-2.5629752,3.5,0.13022514,1.1579515,0.2772448
3.51,5.289049,0.7297014,-2.4688842,3.51,0.09081039,1.4498336,0.3528785
3.519,3.4434996,0.7123477,-1.9552569,3.52,0.059917744,1.6181452,0.43809962
3.531,1.4635191,0.81765544,-1.4290926,3.53,0.026894573,1.6714084,0.52119017
3.542,-0.34529305,0.92765766,-1.3549057,3.541,-0.05939177,1.8141537,0.5531481
3.55,-2.2360086,1.1950719,-0.83341587,3.549,-0.18296233,1.9696821,0.5307775
3.561,-3.9294567,1.67072,0.16625631,3.56,-0.29588026,2.0815346,0.4562091
3.571,-5.84914,2.217988,0.92136705,3.57,-0.46525717,2.2189536,0.37311855
3.585,-7.8316464,2.6613967,1.3294878,3.586,-0.6974847,2.3137622,0.29322377
3.591,-9.602233,2.853652,1.1818266,3.591,-0.92012477,2.3073707,0.19735005
3.602,-11.2633505,3.029032,0.52630466,3.601,-1.1214595,2.247716,0.105737396
3.611,-12.8846445,3.189072,0.05225867,3.61,-1.256748,2.1007094,0.04501737
3.619,-14.485577,2.8239522,-0.51645225,3.62,-1.2993585,2.010162,0.0034720933
3.631,-15.751703,1.8868194,-1.7755458,3.632,-1.2162678,2.2338674,-0.040203713
3.643,-16.737877,0.5891814,-2.7793686,3.642,-0.87644887,2.7633035,-0.032746866
3.651,-16.485172,-0.6485864,-2.9624257,3.652,-0.27457497,3.057316,0.050343685
3.662,-14.165716,-2.130532,-2.8417833,3.663,0.39654103,2.6876698,0.058865793
3.671,-11.934808,-2.8457105,-3.8554564,3.672,0.8215811,1.9089621,0.0045373566
3.682,-10.768183,-3.1981769,-5.863366,3.682,0.81092846,1.0642083,-0.103054255
3.692,-10.927066,-3.4224482,-7.114412,3.693,0.47430524,0.30147958,-0.19147113
3.703,-12.110491,-3.0740228,-7.043355,3.702,-0.041282292,-0.41970384,-0.14459954
3.713,-12.873827,-1.987603,-5.845378,3.712,-0.55686986,-1.1430178,0.03649526
3.721,-12.726174,-0.69047326,-4.3477726,3.72,-0.92012477,-1.709738,0.25061324
3.733,-12.016243,0.6467297,-2.708471,3.733,-1.0841752,-2.1805844,0.38483644
3.742,-10.276118,1.2549224,-0.6443968,3.741,-1.0394341,-2.6769972,0.3645964
3.752,-8.911834,2.1792636,0.79058665,3.753,-0.89988476,-3.1009722,0.29748482
3.765,-7.6726904,2.4125278,2.093848,3.763,-0.6783099,-3.2959156,0.19521952
3.773,-6.366227,2.3215253,3.3074753,3.773,-0.3587308,-2.8602226,0.08336686
3.784,-5.986644,2.0701652,2.8290424,3.783,-0.035955977,-1.6703233,-0.05724793
3.792,-6.450144,1.4334466,2.6057305,3.793,0.09507144,-0.5326218,-0.16057849
3.804,-7.7692,0.92040384,2.567549,3.803,0.030090367,0.036228947,-0.2095806
3.812,-8.984812,0.26518714,1.3961344,3.813,-0.039151765,0.40587538,-0.25538692
3.822,-9.769014,-0.3738184,0.9771532,3.821,-0.030629655,0.6764523,-0.27562696
3.833,-10.119525,-1.0823289,0.98774815,3.834,-8.0227666E-4,0.6977576,-0.30225855
3.845,-10.237129,-1.7054,0.6879433,3.843,-0.015715966,0.50281435,-0.3065196
3.853,-9.519679,-1.7227263,-0.72039384,3.854,-0.12756863,0.21945427,-0.3065196
3.865,-7.7973466,-1.8643724,-1.7584196,3.863,-0.23089918,-0.22689115,-0.3597828
3.875,-5.675076,-1.8267455,-3.3607318,3.874,-0.19894129,-0.630626,-0.33421645
3.884,-2.653592,-1.7534056,-6.4031944,3.883,-0.13182968,-0.9960114,-0.30545434
3.894,1.8653593,-1.796997,-9.538395,3.895,-0.078566514,-1.7821759,-0.40452382
3.906,9.904556,-2.4135704,-8.581011,3.905,0.25273046,-3.8786144,-0.7848229
3.915,24.993855,-4.0271583,0.9786731,3.914,0.90786743,-7.482401,-1.1906884
3.923,38.62214,-4.735325,-4.394719,3.922,1.4000193,-8.176953,-0.40665436
3.935,44.46434,-4.1017237,-17.079277,3.935,1.6727268,-3.6921935,0.9600787
3.943,54.055233,-4.8881497,-0.8178148,3.942,1.4213245,2.740933,0.84076923
3.955,41.71109,-1.1699367,14.540946,3.954,1.7728615,5.8600245,0.17497951
3.965,16.090515,1.2659341,7.0363483,3.966,1.835712,5.702366,0.062061585
3.974,8.718949,0.7376064,-0.26600146,3.975,1.7291856,5.3753295,-0.032746866
3.985,3.2712984,3.1171145,-2.7555149,3.986,1.0580697,4.7233887,0.050343685
3.996,-1.5510168,3.5350685,-3.5065434,3.995,0.4348905,3.8157837,0.013059465
4.007,-3.9469519,3.5875304,-1.4949832,4.005,-0.021042284,2.182735,0.008798411
4.016,-5.773297,4.788657,-0.8563812,4.015,-0.3502087,0.53796804,0.12917317
4.025,-6.1187515,5.369169,-0.95444286,4.024,-0.48869294,-0.4665754,0.15900058
4.035,-5.121873,4.4367523,-0.7154196,4.036,-0.45993084,-0.72117347,0.10360687
4.046,-3.2300797,2.6954966,-0.5310661,4.047,-0.18828866,-0.30465537,0.062061585
4.057,-1.6763258,0.9415128,0.04907736,4.056,0.23249044,0.23436797,0.07164896
4.067,-1.0782509,-0.5837191,0.42289743,4.067,0.5829621,0.55607754,0.16006583
4.075,-1.175065,-1.9232621,-0.25929826,4.076,0.67031366,0.7861745,0.2516785
4.087,-1.8572626,-2.790058,-0.86769116,4.086,0.5467431,1.0056187,0.25274375
4.095,-2.7987118,-2.8899724,-0.7041214,4.096,0.3624526,1.0503597,0.21226373
4.107,-3.380783,-2.7446136,-0.31415898,4.106,0.20692411,0.8681997,0.12810792
4.115,-4.0484447,-2.2821882,-0.426714,4.116,0.12170303,0.6924312,0.019451044
4.125,-4.7018642,-1.8430172,-0.45863324,4.124,0.10465881,0.56459963,-0.09985846
4.136,-5.37938,-1.306597,-0.23638892,4.136,0.13235566,0.3941575,-0.19679745
4.145,-5.871003,-0.5733319,-0.17269689,4.144,0.157922,0.16832162,-0.24579957
4.157,-6.1702175,0.2773409,-0.3383037,4.156,0.16431357,-0.045796342,-0.25538692
4.167,-6.0142603,1.1201429,-0.4851091,4.168,0.1898799,-0.19173744,-0.23940799
4.177,-4.970896,1.7113,-0.3069598,4.178,0.26231784,-0.3419396,-0.23834272
4.188,-2.8871202,2.1404262,-0.22762781,4.189,0.35712627,-0.4761628,-0.27775747
4.196,-0.73573685,2.2390013,-0.26287377,4.197,0.41571578,-0.55179656,-0.33102065
4.207,0.76919174,2.116831,-0.72833085,4.206,0.35073468,-0.5283608,-0.2543217
4.217,2.2691412,1.7378123,-1.6696663,4.218,0.19094516,-0.4143775,-0.101988986
4.232,3.6361752,1.3757703,-2.6996045,4.231,-0.0934802,-0.28441536,0.07591002
4.238,4.6724653,1.1480983,-3.2275743,4.237,-0.30546764,-0.02342581,0.21119848
4.249,5.3910427,0.31702548,-2.5267224,4.248,-0.3502087,0.38563538,0.20587215
4.257,4.777095,0.32416427,-1.446486,4.258,-0.36938345,0.7552818,0.15047845
4.269,3.4791908,0.7572471,-0.48025498,4.268,-0.42477715,0.9843134,0.12384687
4.277,2.0334587,0.99053043,0.07844031,4.278,-0.4812361,1.1675388,0.11212898
4.288,0.6392698,1.1083177,0.3460607,4.289,-0.5313036,1.3049577,0.08975844
4.3,-0.66285133,1.1075964,0.36136305,4.298,-0.57497936,1.346503,0.047147896
4.309,-1.842866,1.02982,0.24652517,4.308,-0.6090678,1.2559556,-0.0039847516
4.318,-2.8453999,0.9006186,0.13896811,4.318,-0.626112,1.026924,-0.04233424
4.328,-3.610937,0.7521939,0.08765638,4.329,-0.62824255,0.6849744,-0.04872582
4.339,-3.9509811,0.42484248,-0.03057015,4.34,-0.6207857,0.27271745,-0.04233424
4.348,-3.856225,-0.015610397,-0.077649236,4.347,-0.605872,-0.1523227,-0.02742055
4.36,-3.3519144,-0.4684062,0.015521884,4.359,-0.58137095,-0.5272955,-0.0061152787
4.371,-2.4431257,-0.8465853,0.32702422,4.369,-0.52810776,-0.7989377,-0.0018542244
4.38,-1.2412243,-1.2579885,0.8331404,4.379,-0.4546045,-0.9193124,-0.03061634
4.391,0.027637482,-1.7416875,1.0576319,4.39,-0.38962343,-0.8458092,-0.070031084
4.4,1.1160812,-2.0596633,1.2882407,4.399,-0.34807816,-0.73821765,-0.14353427
4.41,1.7824354,-2.0382395,0.9174092,4.409,-0.3438171,-0.56031865,-0.21064587
4.42,1.8801613,-1.729747,0.64264953,4.419,-0.35446975,-0.37389752,-0.24686483
4.43,1.613884,-1.3610942,0.43664533,4.431,-0.3619266,-0.22795641,-0.24686483
4.443,1.1132793,-0.7950964,0.18120807,4.445,-0.37257922,-0.09799425,-0.19573219
4.45,0.7279768,-0.21359569,0.04288864,4.451,-0.3938845,-0.013838439,-0.12649006
4.46,0.41433334,0.38050437,0.021137774,4.461,-0.39601502,0.03303316,-0.05831319
4.471,0.104875565,0.7981429,0.040287137,4.47,-0.375775,0.044751056,0.0045373566
4.48,-0.14104652,0.93152153,0.14888054,4.481,-0.3384908,0.012793149,0.051408947
4.492,-0.35997868,0.78680813,0.2528383,4.491,-0.28629288,-0.036208972,0.08123633
4.501,-0.5283861,0.5253783,0.22467524,4.5,-0.23196447,-0.08627635,0.0908237
4.511,-0.63222694,0.14074808,0.14365059,4.51,-0.18828866,-0.13421321,0.08656265
4.519,-0.5618286,-0.21986187,0.11730838,4.519,-0.15846127,-0.19706376,0.06099632
4.532,-0.5138674,-0.79023504,-0.003474176,4.533,-0.16272232,-0.2652406,0.021581572
4.541,-0.50037766,-1.0858041,0.052527845,4.541,-0.13822126,-0.295068,-0.02102897
4.553,-0.46595097,-1.1747656,0.039224446,4.552,-0.11798126,-0.3174385,-0.047660556
4.561,-0.41521168,-1.2065586,0.018393755,4.562,-0.0934802,-0.33661327,-0.05831319
4.572,-0.36712646,-1.108114,0.10440153,4.571,-0.05832651,-0.34620064,-0.06257424
4.581,-0.37648487,-0.8170434,0.17629737,4.582,-0.022107547,-0.36111432,-0.05937846
4.592,-0.40251923,-0.4693519,0.16331422,4.591,0.009850359,-0.36111432,-0.03594266
4.603,-0.28239727,-0.30207992,0.17876476,4.602,0.045004055,-0.36644065,-0.018898442
4.613,-0.27703,-0.011929035,0.13227707,4.612,0.060983006,-0.39200696,0.0045373566
4.621,-0.2667122,0.18889153,0.026121259,4.619,0.062048268,-0.42183438,0.034364734
4.632,-0.26095295,0.27265072,-0.060148776,4.633,0.054591425,-0.44846597,0.05673527
4.641,-0.2932024,0.3273716,-0.15314043,4.642,0.048199844,-0.47083646,0.064192116
4.658,-0.38733578,0.31583434,-0.24602228,4.657,0.048199844,-0.49640283,0.062061585
4.663,-0.5982189,0.2874161,-0.3409661,4.662,0.051395632,-0.5230344,0.054604743
4.673,-0.80371094,0.28942108,-0.50956905,4.674,0.059917744,-0.54327446,0.048213158
4.683,-1.0610981,0.25734574,-0.6233063,4.683,0.07696196,-0.58055866,0.037560523
4.693,-1.3750792,0.23864019,-0.69984645,4.694,0.09294092,-0.63595235,0.025842626
4.703,-1.7072582,0.23558187,-0.8498325,4.702,0.10252829,-0.70839024,0.013059465
4.713,-1.9189205,0.23850644,-0.9853442,4.714,0.10252829,-0.79680717,2.763027E-4
4.722,-2.1105776,0.19724828,-1.0880703,4.721,0.096136704,-0.9075945,-0.02102897
4.733,-2.2773666,0.2593552,-1.2584833,4.734,0.07909249,-1.0162514,-0.040203713
4.742,-2.409481,0.34569693,-1.4132007,4.743,0.058852475,-1.1142557,-0.061508983
4.753,-2.5640411,0.4202441,-1.5627086,4.754,0.039677735,-1.1909547,-0.08494478
4.763,-2.7333736,0.48474103,-1.6670538,4.764,0.021568257,-1.25274,-0.110511094
4.775,-2.965395,0.49206078,-1.7426937,4.774,0.011980884,-1.3017421,-0.13714269
4.784,-3.2453213,0.5015569,-1.770484,4.783,0.011980884,-1.3454179,-0.16483955
4.794,-3.5991802,0.5179785,-1.7513669,4.795,0.010915622,-1.4008116,-0.18721008
4.804,-3.9117308,0.5274443,-1.789157,4.805,-0.012520175,-1.471119,-0.2042543
4.814,-4.192198,0.50161517,-1.7557062,4.813,-0.05939177,-1.5456873,-0.2212985
4.822,-4.421175,0.4641471,-1.5575037,4.823,-0.12543811,-1.6490179,-0.2362122
4.835,-4.535903,0.35515177,-1.2256585,4.834,-0.20107181,-1.7853717,-0.24047324
4.845,-4.540346,0.18024743,-0.63560414,4.844,-0.2681834,-1.9472917,-0.23834272
4.855,-4.4980965,0.02369076,0.07325792,4.854,-0.3203813,-2.0751235,-0.23195113
4.864,-4.4162464,-0.12129295,0.71999097,4.866,-0.36938345,-2.125191,-0.21916798
4.874,-4.2958174,-0.0989871,1.3402854,4.875,-0.4173203,-2.1070812,-0.20745008
4.884,-4.0116234,-0.008059919,1.8918967,4.885,-0.44821295,-2.052753,-0.21064587
4.894,-3.4792595,0.097638726,2.3880677,4.895,-0.43010345,-1.9856412,-0.2532564
4.905,-2.7456532,0.1535384,2.8347354,4.906,-0.35660025,-1.9334433,-0.3246291
4.916,-1.8926516,0.13735011,2.9487984,4.914,-0.25540024,-1.9142685,-0.40132803
4.924,-0.9723568,0.016488671,2.8918166,4.923,-0.14567812,-1.9185296,-0.45672172
4.936,0.0039100647,-0.2037589,2.6878679,4.937,-0.04447808,-1.8940285,-0.47270072
4.943,1.126029,-0.4047683,2.3014224,4.943,0.04180826,-1.8215907,-0.44713438
4.956,2.3130617,-0.487475,1.8363556,4.955,0.117441975,-1.7193253,-0.40985015
4.967,3.3913355,-0.5444925,1.343044,4.966,0.18455358,-1.5893631,-0.376827
4.978,4.2376127,-0.6241917,0.7475598,4.978,0.22396833,-1.3933548,-0.3587175
4.986,5.062011,-0.6858391,0.22655797,4.986,0.25059992,-1.1664536,-0.37789223
4.997,5.468195,-0.642405,-0.10077047,4.996,0.20692411,-0.9608577,-0.38641435
5.008,5.7370434,-0.5965214,-0.528882,5.006,0.085484065,-0.67323655,-0.34060803
5.017,6.03463,-0.65677834,-0.5793557,5.017,-0.012520175,-0.315308,-0.2916059
5.026,6.061095,-0.5566434,-0.48848152,5.027,-0.06258756,-0.018099494,-0.2543217
5.038,6.0773935,-0.42090648,-0.3471036,5.039,-0.053000193,0.15979952,-0.21810272
5.047,5.990634,-0.30961347,-0.22145128,5.046,0.026894573,0.23862901,-0.18507956
5.057,5.941478,-0.27602074,-0.15089321,5.055,0.157922,0.218389,-0.14673007
5.066,6.0219345,-0.4132402,-0.26393366,5.066,0.29321048,0.12997213,-0.091336355
5.076,6.3024187,-0.46047246,-0.66918373,5.075,0.38801894,0.055403695,-0.024224758
5.086,6.8912487,-0.4810397,-1.3035932,5.087,0.43169472,0.038359478,0.03543
5.097,7.7040014,-0.47058493,-1.9398375,5.096,0.41678104,0.046881583,0.074844755
5.107,8.61001,-0.3497805,-2.5753312,5.107,0.33369046,0.08203527,0.094019495
5.117,9.650922,0.04613751,-3.0498285,5.118,0.20692411,0.1544732,0.0823016
5.127,10.834345,0.62829834,-3.2833014,5.127,0.07057038,0.2940227,0.026907891
5.138,11.693495,1.3011276,-3.2799034,5.137,-0.04341282,0.4665954,-0.04126898
5.146,11.876615,1.8347987,-3.1604424,5.147,-0.12543811,0.62425435,-0.07429214
5.158,11.750871,2.0077903,-3.1122632,5.157,-0.16485286,0.75315124,-0.0551174
5.167,11.573792,1.8907396,-3.2608387,5.168,-0.15420023,0.86713445,0.009863675
5.179,11.338257,1.632257,-3.5298629,5.178,-0.14674337,0.95768183,0.12917317
5.188,11.287388,1.2666547,-3.766433,5.189,-0.14887391,1.0940355,0.27298376
5.198,11.681358,0.7072003,-3.8150268,5.199,-0.14035179,1.2474335,0.3645964
5.207,12.034118,0.19419669,-3.9956803,5.209,-0.17657076,1.4242672,0.39548904
5.218,12.125578,-0.28680444,-3.8229823,5.219,-0.23729077,1.6564947,0.3795101
5.228,11.96227,-0.67167234,-3.1815631,5.227,-0.27777076,1.8578295,0.32518166
5.238,11.150167,-0.94431996,-2.7367837,5.239,-0.30227184,2.0559685,0.2602006
5.248,9.5749235,-0.95968986,-2.543268,5.249,-0.315055,2.256238,0.23463427
5.26,7.600519,-0.79305184,-2.3619382,5.259,-0.30227184,2.3957875,0.28150585
5.269,5.6635895,-0.65441966,-2.3974094,5.268,-0.2479434,2.4778128,0.370988
5.278,3.9028502,-0.68661666,-2.012587,5.279,-0.12330758,2.4362676,0.5126681
5.293,2.2831182,-0.7606933,-2.0377893,5.294,0.017307203,2.3840697,0.65967447
5.3,0.96438885,-0.7591181,-1.8134594,5.299,0.178162,2.2977831,0.763005
5.309,0.0011606216,-0.6723475,-1.5973531,5.31,0.33795154,2.1965833,0.82585555
5.319,-1.5850468,-0.56765425,-1.454542,5.318,0.46578315,2.220019,0.8556829
5.329,-3.4030008,-0.47584534,-1.015088,5.33,0.5691137,2.3233497,0.83650815
5.341,-5.010107,-0.29076225,-0.45112675,5.34,0.6362252,2.369156,0.78537554
5.35,-6.7091274,0.010029495,0.065989316,5.351,0.65326947,2.3563728,0.7289166
5.36,-8.512531,0.31236333,0.4177197,5.361,0.61385477,2.3073707,0.682045
5.372,-10.39605,0.61848503,0.7339814,5.371,0.50413257,2.1646252,0.6447607
5.38,-12.187803,0.9142753,0.88062686,5.379,0.35179996,1.9654212,0.62771654
5.391,-13.810338,1.1682427,0.39933226,5.39,0.18455358,1.835459,0.6447607
5.4,-15.345945,1.3797729,-0.480521,5.401,0.018372467,1.8514379,0.6713923
5.41,-16.560425,1.7728736,-1.9542766,5.41,-0.0934802,2.166756,0.69695866
5.42,-16.64692,2.1224506,-3.223464,5.419,-0.077501245,2.7025833,0.68311024
5.43,-15.418046,2.365013,-3.481103,5.429,0.07696196,2.927354,0.5595397
5.441,-13.699211,2.6683576,-3.548577,5.44,0.30066732,2.5747516,0.41572908
5.45,-11.778599,2.5564358,-4.4192452,5.451,0.49454528,1.83972,0.24954796
5.462,-10.242793,2.184222,-5.4753823,5.46,0.57550526,0.9662039,0.040756315
5.47,-9.716328,1.6584027,-6.293958,5.471,0.55313474,0.25141218,-0.14992586
5.481,-10.181857,1.4026356,-6.434803,5.48,0.5254379,-0.20558587,-0.25858274
5.491,-10.431713,1.0230691,-5.4488454,5.492,0.46578315,-0.6924113,-0.3118459
5.503,-10.647325,0.5930246,-4.6165433,5.501,0.42636842,-1.0854936,-0.27882275
5.512,-10.189346,0.1396321,-3.6050618,5.511,0.37843156,-1.4263779,-0.22023325
5.52,-9.491983,-0.18390024,-2.6133504,5.519,0.28894943,-1.7033464,-0.17016585
5.53,-8.94087,-0.42119205,-1.2045853,5.531,0.21225043,-1.855679,-0.11264162
5.542,-8.05964,-0.57690024,0.79208994,5.541,0.18881464,-1.7353044,-0.038073182
5.552,-7.4977713,-0.53098965,0.88046813,5.553,0.19307569,-1.1206472,0.049278423
5.563,-7.685278,-0.2735901,0.81931025,5.564,0.27829677,-0.35152698,0.13023844
5.571,-8.546862,-0.009829879,1.0594344,5.572,0.3890842,0.2620648,0.18243636
5.583,-9.356949,0.20217216,0.72814053,5.582,0.4583263,0.6615386,0.20267637
5.592,-9.764049,0.5484311,0.11785257,5.593,0.4817621,0.8351765,0.19202374
5.603,-10.014994,1.0116229,-0.38306713,5.602,0.43276,0.7243892,0.15687004
5.615,-10.26877,1.4107238,-0.9502324,5.614,0.39014944,0.52092385,0.13982582
5.621,-9.9912405,1.3582081,-0.5954884,5.62,0.40080208,0.20134479,0.08549739
5.632,-9.348506,0.9611561,-0.47248214,5.633,0.33262524,-0.28441536,-0.043399505
5.643,-8.263521,1.2684338,-1.2763538,5.642,0.19520621,-0.77869767,-0.20318903
5.654,-6.572608,1.3350053,-1.3258662,5.653,0.16857463,-1.3454179,-0.36404383
5.664,-4.4249926,0.8780981,-1.810012,5.663,0.25059992,-1.9717928,-0.4929407
5.674,-1.551939,0.5341705,-4.3506594,5.673,0.24633886,-2.6524963,-0.61970705
5.685,3.360097,-0.16904044,-6.3027573,5.683,0.22396833,-3.6751492,-0.8657829
5.693,10.756309,-1.3682458,-6.758128,5.694,0.45086947,-5.1313643,-1.1438167
5.704,20.050215,-3.765374,-4.137612,5.705,0.853539,-6.6653438,-0.96165663
5.714,32.2101,-7.5804644,-1.8903506,5.713,1.0751139,-5.9175286,-0.24686483
5.722,42.07385,-8.52754,-3.709351,5.721,1.1614002,-1.4476831,0.32305115
5.735,45.687088,-3.6211731,1.4152026,5.734,1.0175897,2.4032445,0.23463427
5.742,28.490856,1.9812722,3.8324218,5.743,0.7225116,3.343872,0.24209112
5.754,14.829684,3.7551548,2.5851974,5.755,0.49241474,3.3502636,0.4412954
5.764,9.275217,4.342623,1.4213207,5.763,0.25486097,3.1041877,0.49562386
5.774,5.3380766,4.8189487,-0.18937936,5.775,0.010915622,2.701518,0.42531645
5.785,2.3685274,5.515421,-0.94183123,5.786,-0.26392236,2.0399895,0.4412954
5.794,0.72941303,5.3086853,-1.1730565,5.795,-0.38003606,1.2761956,0.40081537
5.805,0.319211,3.8086362,-0.8486471,5.804,-0.3235771,0.48363963,0.253809
5.815,0.5666647,1.8535812,-1.02608,5.814,-0.23196447,-0.137409,0.11106371
5.829,0.922328,0.13290334,-1.6928339,5.828,-0.23729077,-0.45272702,0.039691053
5.836,1.2085676,-1.3731102,-1.6387072,5.835,-0.22876866,-0.39839858,0.014124728
5.846,1.5729418,-2.4861314,-0.9497458,5.845,-0.18722339,-0.137409,-0.019963704
5.856,1.4012613,-2.739645,-0.692469,5.855,-0.18615814,0.16725636,-0.05724793
5.865,0.6804266,-2.1312013,-0.86005396,5.864,-0.25540024,0.41226697,-0.07322687
5.876,-0.30595303,-1.1959289,-1.1005822,5.875,-0.37151396,0.5390333,-0.046595294
5.886,-1.1337509,-0.41532838,-1.3084456,5.885,-0.50147617,0.5592733,2.763027E-4
5.895,-1.8367033,0.36605924,-1.2579939,5.896,-0.61013305,0.5219891,0.031168945
5.906,-2.4776316,1.1227977,-0.93730485,5.905,-0.6697878,0.44529015,0.03543
5.916,-2.8636847,1.7805296,-0.49677208,5.915,-0.68789726,0.33663327,0.008798411
5.927,-3.4190617,2.164246,-0.3785222,5.925,-0.67724466,0.29615325,-0.05298687
5.935,-4.224844,2.1897976,-0.1826692,5.936,-0.64635205,0.2684564,-0.1254248
5.945,-4.86234,1.8665013,-0.056737214,5.944,-0.5909583,0.24928167,-0.20531955
5.956,-5.549454,1.4405181,0.07474646,5.956,-0.50573725,0.22904164,-0.27882275
5.967,-6.1569138,0.9890508,0.1111123,5.966,-0.4024066,0.21945427,-0.3469996
5.976,-6.605901,0.5460467,0.053744912,5.977,-0.28842342,0.20027952,-0.39387122
5.988,-6.717332,0.14215493,-0.112998515,5.987,-0.20213707,0.11399318,-0.4141112
5.996,-6.4227543,-0.16745424,-0.546806,5.997,-0.18828866,-0.03940476,-0.39493647
6.007,-5.856907,-0.33111978,-1.0365369,6.008,-0.24368235,-0.19812903,-0.33634698
6.017,-4.948374,-0.4190817,-1.3370929,6.017,-0.31825078,-0.34087434,-0.27243114
6.027,-3.8125362,-0.47645688,-1.4312123,6.026,-0.37257922,-0.45272702,-0.22449431
6.039,-2.6671143,-0.53980625,-1.2989339,6.04,-0.38962343,-0.51344705,-0.19147113
6.048,-1.4622536,-0.6081988,-1.0771859,6.047,-0.36938345,-0.52090394,-0.16803533
6.057,-0.21686268,-0.70549643,-0.798182,6.058,-0.31292444,-0.4644449,-0.14673007
6.068,0.9733591,-0.83262306,-0.5663361,6.067,-0.23729077,-0.36537537,-0.12116373
6.078,1.8340492,-0.9111204,-0.3671317,6.077,-0.16804865,-0.27802378,-0.079618454
6.088,2.4136887,-1.0429397,-0.017456993,6.087,-0.099871784,-0.20984693,-0.013572123
6.098,2.9974527,-1.1370975,0.4053466,6.099,-0.013585439,-0.15019217,0.06951844
6.109,3.9653711,-1.105984,0.52179235,6.108,0.09081039,-0.079884775,0.15580477
6.117,5.4288235,-1.0618889,-0.055674933,6.118,0.1632483,-0.026621602,0.23889533
6.129,7.1165466,-0.76614714,-0.9578072,6.128,0.16750936,-0.103320576,0.2985501
6.14,7.9930105,-0.5154656,-1.5205462,6.139,0.13874725,-0.18641111,0.29109323
6.148,6.618738,-0.42852294,-1.0245099,6.149,0.15579146,-0.025556337,0.22930796
6.159,3.7729874,-0.5807477,-0.3306224,6.159,0.18881464,0.29934904,0.16219635
6.169,1.134759,-0.7475667,-0.014692001,6.168,0.20479357,0.59549224,0.07697528
6.179,-1.0480661,-0.79576945,0.3787946,6.178,0.21438095,0.7755218,-0.02742055
6.19,-3.068036,-0.69669664,0.49369204,6.189,0.21970728,0.8064144,-0.12435951
6.198,-4.54095,-0.5524118,0.74335086,6.199,0.21864201,0.6657996,-0.18721008
6.209,-5.3655806,-0.34308898,0.86765885,6.209,0.19946727,0.38883117,-0.22342904
6.218,-5.675544,-0.06376338,0.9831482,6.219,0.15472619,0.0032057776,-0.22982061
6.229,-5.410489,0.34822947,0.9333394,6.228,0.07163564,-0.40798596,-0.21490693
6.239,-4.459463,0.7514859,0.6736312,6.24,-0.04447808,-0.75313133,-0.20105849
6.261,-3.2129898,1.1077633,0.556828,6.26,-0.13182968,-0.9992072,-0.19999324
6.264,-1.6135969,1.2794892,0.61555207,6.263,-0.14354758,-1.1217126,-0.22662483
6.269,0.082761765,1.2186959,0.6192105,6.269,-0.087088615,-1.1110599,-0.2766922
6.279,1.4387894,0.9761605,0.26529002,6.279,0.0034587774,-0.99814194,-0.30758485
6.29,2.1089497,0.7072626,-0.47467417,6.291,0.08228828,-0.80532926,-0.2830838
6.299,2.5752945,0.3937068,-0.79966974,6.3,0.12702934,-0.6508661,-0.22555956
6.31,2.9075098,0.10336506,-1.0722275,6.309,0.1366167,-0.4612491,-0.1659048
6.319,2.8665657,-0.1301598,-0.94926804,6.318,0.11211566,-0.28654587,-0.11583741
6.33,2.4387293,-0.2626707,-0.71198034,6.329,0.065244064,-0.120364785,-0.07322687
6.34,1.8063774,-0.13478696,-0.42477202,6.341,0.002393514,0.019184731,-0.044464767
6.351,1.1323843,0.028480232,-0.22249639,6.35,-0.06365282,0.12571108,-0.025290024
6.363,0.38343906,0.1261006,-0.032991618,6.364,-0.11691599,0.19175741,-0.008245804
6.371,-0.392375,0.18670565,0.18257552,6.37,-0.14887391,0.20347533,0.0045373566
6.38,-1.1015959,0.20777899,0.39043266,6.381,-0.15739602,0.16086477,0.007733147
6.392,-1.6726713,0.30319065,0.41801345,6.391,-0.15420023,0.057534218,0.00560262
6.402,-1.993557,0.38623345,0.35044518,6.401,-0.15100443,-0.10651636,-0.008245804
6.412,-1.9620895,0.4151525,0.38506058,6.411,-0.14248231,-0.30572063,-0.03381213
6.42,-1.8132591,0.3363614,0.28840002,6.419,-0.1286339,-0.4676407,-0.071096346
6.431,-1.4470835,0.1828267,0.50146234,6.43,-0.11372021,-0.61997336,-0.10944583
6.441,-0.79692936,0.01837343,0.50414634,6.441,-0.1051981,-0.68282396,-0.142469
6.453,-0.1909895,-0.09634966,0.4531053,6.452,-0.11158968,-0.6764324,-0.16270901
6.461,0.35411835,-0.18267399,0.32631034,6.462,-0.12756863,-0.62956077,-0.1659048
6.473,0.7497921,-0.2373122,0.22762024,6.471,-0.14567812,-0.5443397,-0.16377428
6.483,0.85762024,-0.2368334,-0.055835366,6.482,-0.1605918,-0.44207436,-0.15205638
6.493,0.7498274,-0.19956231,-0.15963703,6.492,-0.17017917,-0.39946383,-0.12862058
6.502,0.44643497,-0.15544254,-0.3844189,6.502,-0.1840276,-0.3685712,-0.103054255
6.513,0.098516464,-0.037430048,-0.59963006,6.512,-0.20320235,-0.34726593,-0.079618454
6.522,-0.4562788,0.1086362,-0.75654787,6.521,-0.22024655,-0.36537537,-0.06044372
6.533,-0.796608,0.16757417,-0.8347573,6.532,-0.22983393,-0.41331226,-0.05831319
6.542,-1.1737309,0.20011598,-0.9128634,6.541,-0.23622552,-0.45272702,-0.06257424
6.553,-1.6903534,0.26065832,-1.008362,6.553,-0.2394213,-0.5315565,-0.070031084
6.562,-2.0231333,0.25089848,-0.9837963,6.563,-0.23089918,-0.64234394,-0.08494478
6.575,-2.4134388,0.21577054,-0.9916934,6.574,-0.22024655,-0.7701756,-0.101988986
6.583,-2.726922,0.16232866,-1.0113553,6.582,-0.20533288,-0.90546405,-0.11903321
6.594,-3.0828342,0.10019326,-0.96307623,6.593,-0.18296233,-1.0386219,-0.13607743
6.603,-3.471179,-0.011112928,-0.9430237,6.603,-0.15952654,-1.1632578,-0.142469
6.613,-3.7505455,-0.17516619,-0.8851602,6.614,-0.13289495,-1.2793716,-0.14992586
6.622,-4.0666733,-0.36795455,-0.74984515,6.622,-0.09880652,-1.3667232,-0.15951322
6.633,-4.5127373,-0.4986177,-0.5617014,6.634,-0.05939177,-1.4359652,-0.16270901
6.643,-4.830307,-0.65731466,-0.18408322,6.644,-0.007193858,-1.5329043,-0.15205638
6.654,-5.02839,-0.7323691,0.036043048,6.655,0.03115563,-1.592559,-0.15205638
6.664,-5.165082,-0.69885826,0.36314857,6.663,0.046069317,-1.6309085,-0.17336164
6.679,-5.228933,-0.71238613,0.8594949,6.68,0.03222089,-1.6799107,-0.19892797
6.685,-5.121764,-0.6806551,1.2819514,6.683,-0.013585439,-1.7182602,-0.22449431
6.695,-5.0161104,-0.55681086,1.8017918,6.694,-0.07217493,-1.7491527,-0.22982061
6.705,-4.9501324,-0.42091894,2.4061542,6.705,-0.12224231,-1.7779148,-0.20745008
6.714,-4.966629,-0.2942641,2.8529723,6.714,-0.16698338,-1.8002853,-0.16483955
6.723,-5.0152254,-0.08420816,3.0894253,6.722,-0.21385498,-1.8120033,-0.1073153
6.736,-4.826995,0.08203846,3.1152282,6.735,-0.26605287,-1.8397002,-0.046595294
6.743,-4.149377,0.14764802,2.8697033,6.742,-0.31612027,-1.9046811,-0.0061152787
6.756,-2.8443928,0.13570048,2.4931324,6.755,-0.34488237,-2.0016203,-0.007180542
6.765,-0.97481155,0.19540212,1.9866885,6.766,-0.34488237,-2.0985594,-0.06896582
6.776,1.1391983,0.43130323,1.50909,6.775,-0.30546764,-2.130517,-0.19679745
6.787,3.1428041,0.61833334,1.0885162,6.786,-0.22450761,-2.000555,-0.3619133
6.797,4.3603535,0.42580098,0.7130823,6.795,-0.14993916,-1.6831064,-0.47057015
6.805,4.703971,-0.2455173,0.66614294,6.806,-0.12437284,-1.1952157,-0.4407428
6.816,4.845544,-1.1384401,0.78732586,6.815,-0.13502549,-0.61571234,-0.3097154
6.825,5.3199472,-1.7222382,1.0620489,6.824,-0.13182968,-0.10758163,-0.1573827
6.835,5.753497,-1.8925738,1.0088468,6.836,-0.08282756,0.198149,-0.031681605
6.845,6.1840057,-1.8417485,0.47830057,6.846,0.0055893045,0.28337008,0.042886842
6.856,7.082773,-1.6182005,-0.49554873,6.857,0.0993325,0.2130627,0.049278423
6.866,7.920433,-1.0582606,-1.5041647,6.866,0.18774937,0.106536336,0.015189992
6.876,8.333096,-0.30029073,-2.4248738,6.875,0.24740411,0.07138264,-0.031681605
6.887,8.184733,0.66953886,-3.0608249,6.886,0.26444834,0.18003953,-0.06683529
6.897,7.668582,1.5462655,-3.0952425,6.896,0.24740411,0.3675259,-0.0636395
6.907,7.188306,2.0212,-2.956997,6.906,0.21118516,0.5262501,-0.025290024
6.918,7.0654917,2.011474,-3.102943,6.917,0.16963989,0.59336174,0.023712099
6.926,7.685809,1.6600047,-3.4576488,6.925,0.13022514,0.5677954,0.048213158
6.937,8.595114,1.0636433,-3.7783923,6.936,0.09187565,0.50174904,0.06845317
6.946,9.30932,0.47363794,-3.8227572,6.947,0.055656686,0.4516817,0.115324765
6.957,9.954871,0.090782076,-3.7193685,6.958,0.03541668,0.46553013,0.17924057
6.967,10.59848,-0.016265497,-3.4909997,6.968,0.033286154,0.4964228,0.23250374
6.98,11.055513,0.07997249,-3.392737,6.979,0.04180826,0.50068384,0.2602006
6.987,11.31076,0.16940111,-3.273954,6.986,0.08122301,0.56246907,0.24954796
6.998,11.51763,0.12798356,-3.0252,6.997,0.12383355,0.69988805,0.2282427
7.008,11.321867,0.21091163,-3.124682,7.007,0.116376705,0.8618081,0.24422164
7.017,10.989223,0.49550116,-3.4922657,7.016,0.058852475,1.0322503,0.28789744
7.027,10.770974,0.7835672,-3.781838,7.026,-0.022107547,1.1792566,0.3390301
7.038,10.362332,1.0399708,-4.136348,7.037,-0.10626336,1.3028272,0.39655432
7.048,9.901404,1.3189137,-4.276032,7.048,-0.18189706,1.4178758,0.45301327
7.058,9.472737,1.5857823,-4.1018667,7.059,-0.23729077,1.5435768,0.488167
7.068,8.880022,1.7460506,-3.735927,7.067,-0.26605287,1.666082,0.49562386
7.079,8.077248,1.7825041,-3.3878345,7.078,-0.2649876,1.7736738,0.4732533
7.088,7.0582256,1.5284016,-3.0378335,7.089,-0.24368235,1.8663516,0.43064275
7.099,5.700145,1.0046079,-2.6631773,7.098,-0.22024655,1.912158,0.39335853
7.109,4.3927746,0.30784506,-2.5820594,7.108,-0.21065918,1.8887222,0.36140063
7.118,3.0090628,-0.3798591,-2.6983492,7.117,-0.22450761,1.8439811,0.34329113
7.13,1.5782928,-0.87143666,-2.5505679,7.129,-0.23302972,1.7811306,0.33689958
7.139,0.13679409,-1.1828952,-2.1704037,7.139,-0.20639813,1.7001705,0.33689958
7.148,-1.2914429,-1.2917594,-1.9607112,7.147,-0.15206969,1.6991053,0.31772482
7.16,-2.8287067,-1.2326734,-1.5159773,7.159,-0.088153884,1.7726084,0.2772448
7.169,-4.379361,-1.174708,-1.3097084,7.17,-0.05619598,1.9270717,0.2048069
7.179,-5.961797,-0.93465644,-0.82617974,7.178,-0.039151765,2.0953832,0.11319424
7.189,-7.7274566,-0.49077702,-0.19133866,7.19,-0.028499128,2.2285411,0.02051631
7.2,-9.878985,0.0426293,0.497185,7.198,-0.053000193,2.2732823,-0.04872582
7.213,-11.999501,0.5747068,1.3230213,7.214,-0.12543811,2.114558,-0.08494478
7.219,-14.137288,0.98667157,1.7907876,7.218,-0.22663814,1.8130884,-0.08387951
7.23,-16.2326,1.2110288,1.8373959,7.229,-0.31292444,1.5180105,-0.046595294
7.24,-17.97158,1.1925097,1.3292929,7.241,-0.32890344,1.4775304,0.023712099
7.251,-18.82153,0.91148853,0.21313618,7.25,-0.25859603,1.779,0.084432125
7.261,-18.261753,0.6927369,-0.87514,7.262,-0.1286339,2.037859,0.07697528
7.27,-16.204025,0.65571094,-1.5085858,7.271,0.047134582,1.7928483,0.051408947
7.281,-13.233334,0.57534975,-2.4561863,7.28,0.16537882,1.0844482,0.02051631
7.29,-10.930311,0.29564196,-3.8839653,7.291,0.15898725,0.2652606,-0.044464767
7.301,-9.781397,0.0030436516,-4.608747,7.301,0.06311354,-0.41970384,-0.11690267
7.31,-9.434805,-0.061242163,-4.7383413,7.311,-0.07537072,-0.77443665,-0.13820796
7.325,-9.262349,-0.18179393,-3.4891872,7.324,-0.20213707,-0.9129209,-0.09559741
7.33,-8.48275,-0.43377167,-1.4093051,7.331,-0.25540024,-0.86072296,-0.050856348
7.341,-7.6081357,-0.6304127,-0.037044346,7.34,-0.21385498,-0.58908075,-0.017833177
7.352,-6.9400992,-0.7640898,1.2164416,7.35,-0.089219145,-0.2652406,-0.002919488
7.362,-6.7533684,-0.8961884,2.1978967,7.361,0.07270091,0.075643696,-0.0039847516
7.371,-7.1641626,-0.9230962,2.4852083,7.372,0.21225043,0.452747,0.009863675
7.382,-8.137252,-0.8627533,2.1398811,7.382,0.3038631,0.7883049,0.04608263
7.392,-9.118631,-0.7611694,1.6383097,7.391,0.36351788,1.0301198,0.07804055
7.403,-9.806739,-0.5903419,1.131264,7.402,0.3890842,1.1632777,0.08549739
7.411,-10.288272,-0.32179183,0.5507097,7.412,0.38375786,1.1963009,0.06632264
7.42,-10.540199,0.04176992,-0.18646538,7.421,0.33262524,1.1227977,0.040756315
7.431,-10.604834,0.34681934,-0.7052063,7.432,0.27829677,0.94276816,0.010928938
7.442,-10.44476,0.5958656,-0.8592863,7.442,0.259122,0.66473436,-0.031681605
7.451,-9.942838,0.50328743,-1.3136705,7.452,0.19094516,0.34302482,-0.091336355
7.462,-8.627716,0.4363296,-2.5262575,7.461,0.006654568,-0.022360545,-0.18188375
7.472,-7.097545,0.7765561,-3.129608,7.473,-0.16485286,-0.5837544,-0.30545434
7.483,-5.1393814,0.67808414,-3.7541232,7.483,-0.13289495,-1.1728452,-0.42582908
7.493,-2.4426756,0.6829083,-5.225435,7.493,-0.018911757,-1.8652664,-0.54620385
7.504,1.9985018,0.842849,-5.833292,7.502,0.16005252,-2.9465091,-0.700667
7.512,9.174502,0.6693635,-3.7271466,7.513,0.4071937,-4.3100457,-0.8934797
7.523,19.977276,-0.9575398,-0.9818071,7.522,0.5818968,-4.9651833,-0.96911347
7.536,33.60717,-3.3045137,-0.5886004,7.535,0.79708004,-3.9286819,-0.60585856
7.543,42.88701,-5.3634,-0.8086531,7.542,1.3424951,-0.8948114,0.12065108
7.553,41.648144,-3.7458472,0.2974372,7.554,1.4447603,2.0623598,0.5883018
7.563,28.334682,0.008926153,0.63281226,7.564,1.0303729,3.1681035,0.53397334
7.574,16.575825,1.1090636,4.392068,7.573,0.8833664,3.057316,0.4498175
7.585,9.072092,1.623007,3.93958,7.584,0.8034716,2.773956,0.44875222
7.594,3.458475,3.0123339,1.2396033,7.594,0.59468,2.519358,0.4998849
7.604,-0.24085712,4.0166435,0.19484627,7.603,0.24527359,2.1965833,0.49562386
7.614,-1.8900099,4.274729,-0.07978052,7.614,-0.078566514,1.7172147,0.370988
7.623,-2.18639,3.8495402,-0.026376724,7.622,-0.2394213,0.9768566,0.15260899
7.634,-1.6093035,3.295082,-0.32402015,7.633,-0.3938845,0.10334055,-0.04872582
7.646,-0.995553,2.6421652,-0.9662056,7.645,-0.50786775,-0.4995986,-0.16483955
7.654,-0.37167358,1.4640082,-1.0567955,7.655,-0.57178354,-0.7126514,-0.1776227
7.665,0.034510612,0.10837042,-0.76976275,7.666,-0.5952194,-0.61784285,-0.1307511
7.674,0.35265636,-1.0842319,-0.29680413,7.675,-0.5558046,-0.30572063,-0.101988986
7.686,0.07712841,-1.9656874,0.010171562,7.685,-0.46099612,0.0873616,-0.11370689
7.695,-0.5685396,-2.2444994,-0.06951243,7.696,-0.34914342,0.4239849,-0.093466885
7.705,-1.3827248,-2.3251586,-0.29766336,7.704,-0.24368235,0.6114712,-0.0636395
7.715,-2.365449,-2.1760905,-0.4798555,7.716,-0.14887391,0.6285155,-0.047660556
7.725,-3.4096565,-1.8351047,-0.56825334,7.723,-0.070044406,0.5432943,-0.011441596
7.735,-4.5016346,-1.341286,-0.655153,7.736,0.02263352,0.48150912,0.08336686
7.747,-5.200759,-1.119639,-0.49307114,7.746,0.066309325,0.34835115,0.13876057
7.755,-5.877077,-0.9532117,-0.40935758,7.756,0.068439856,0.18856163,0.17497951
7.766,-6.478386,-0.37179935,-0.49044523,7.767,0.06950512,0.03942474,0.19095847
7.776,-6.5345774,0.25414836,-0.6441057,7.777,0.049265105,-0.13421321,0.18030584
7.787,-6.171521,0.8322257,-0.9117306,7.786,0.021568257,-0.3216996,0.12917317
7.796,-5.3929973,1.3228265,-0.9571773,7.795,0.01624194,-0.55605763,0.048213158
7.807,-4.190877,1.6251634,-0.8793302,7.806,0.029025102,-0.8298303,-0.03594266
7.816,-2.7859364,1.7249417,-0.8110409,7.817,0.049265105,-1.0567315,-0.11264162
7.826,-1.1657448,1.5708095,-0.8094033,7.825,0.051395632,-1.1728452,-0.1691006
7.837,0.50561523,1.2347949,-0.88250065,7.836,0.02263352,-1.1781715,-0.18401429
7.847,2.3126783,0.71432203,-0.99522126,7.848,0.0013282504,-1.0567315,-0.16270901
7.856,4.1074467,-0.036895037,-0.9781949,7.857,0.0034587774,-0.8351566,-0.12116373
7.868,5.177705,-0.7750283,-0.9588428,7.867,0.02263352,-0.5592534,-0.054052137
7.876,5.486644,-1.5310714,-0.7705523,7.877,0.068439856,-0.20878166,0.032234207
7.887,4.842269,-2.0067792,-0.28508922,7.886,0.12702934,0.16832162,0.13130371
7.897,3.5694304,-2.084506,0.10927817,7.897,0.14726935,0.49429223,0.23143849
7.908,2.1095762,-2.0638583,0.4896475,7.907,0.16750936,0.7371723,0.29748482
7.917,0.7692156,-1.3152921,0.7304001,7.918,0.20053253,0.8905703,0.32305115
7.927,-0.50683403,-0.46831745,0.7950773,7.927,0.23462096,0.95235556,0.31985536
7.938,-1.6089306,0.2659973,0.7935214,7.937,0.2687094,0.9172019,0.29961535
7.946,-2.3897543,0.93162584,0.6086429,7.947,0.26977468,0.77978283,0.2516785
7.958,-2.9609385,1.4735031,0.33029902,7.959,0.26657888,0.5731217,0.18989322
7.968,-3.276102,1.7903469,0.16370475,7.969,0.24633886,0.24821639,0.11319424
7.977,-3.2941275,1.8312728,-0.16888839,7.978,0.20692411,-0.13527848,0.038625788
7.988,-3.164503,1.5830889,-0.35065034,7.989,0.15898725,-0.50385964,-0.024224758
7.998,-2.8012514,1.0477831,-0.31406578,7.997,0.12702934,-0.8127861,-0.07642266
8.009,-2.2040367,0.4134177,-0.022573292,8.008,0.117441975,-1.026904,-0.110511094
8.017,-1.4032602,-0.24402148,0.33206764,8.018,0.118507236,-1.1259736,-0.12329426
8.029,-0.5201893,-0.8292568,0.58317566,8.028,0.1312904,-1.1270388,-0.12222899
8.038,0.34294033,-1.2616435,0.5029491,8.039,0.14939989,-1.0684494,-0.10838057
8.049,1.0210867,-1.5129232,0.30580914,8.048,0.1632483,-0.9725756,-0.09985846
8.058,1.4429941,-1.3946211,-0.12484854,8.059,0.16537882,-0.8511356,-0.09559741
8.07,1.5253582,-1.1212211,-0.46634805,8.071,0.16218305,-0.73928297,-0.10625004
8.078,1.3689909,-0.77486104,-0.6907109,8.079,0.15472619,-0.6508661,-0.12435951
8.091,1.1152124,-0.29006243,-0.8680804,8.089,0.14407356,-0.57736284,-0.13927323
8.1,0.68532944,0.28292525,-1.006637,8.099,0.12489882,-0.5145123,-0.142469
8.11,0.17537022,0.7466574,-0.86647785,8.109,0.0993325,-0.5326218,-0.14033848
8.118,-0.17761135,1.1472735,-0.9110739,8.119,0.06737459,-0.55073124,-0.12329426
8.129,-0.5291853,1.378787,-0.80531305,8.128,0.027959837,-0.6029292,-0.103054255
8.14,-0.91974735,1.4729631,-0.68259513,8.139,-0.010389648,-0.6817587,-0.0753574
8.151,-1.3106623,1.3686852,-0.7481984,8.15,-0.05939177,-0.7414134,-0.040203713
8.16,-1.7926283,1.2414603,-0.53476375,8.161,-0.10732862,-0.84900504,-0.011441596
8.173,-2.0089808,1.0166186,-0.52418095,8.172,-0.14461285,-0.9395525,2.763027E-4
8.18,-2.1777973,0.69988465,-0.48795187,8.181,-0.1691139,-1.0045335,-0.002919488
8.191,-2.3973465,0.4023975,-0.44390386,8.19,-0.17657076,-1.103603,-0.018898442
8.199,-2.4828825,0.08950251,-0.4326887,8.2,-0.1723097,-1.2293042,-0.049791083
8.21,-2.5298462,-0.21857905,-0.505178,8.211,-0.1552655,-1.3528748,-0.08814056
8.219,-2.6095858,-0.39102077,-0.5655856,8.219,-0.13502549,-1.5020115,-0.12968585
8.23,-2.573104,-0.5501809,-0.6553823,8.229,-0.10626336,-1.6458222,-0.17549218
8.24,-2.5515156,-0.6222538,-0.64578676,8.241,-0.070044406,-1.806677,-0.2212985
8.252,-2.4171257,-0.64305115,-0.75070536,8.251,-0.041282292,-1.9345086,-0.2681701
8.261,-2.408966,-0.52198946,-0.79389596,8.261,-0.01678123,-2.0357087,-0.31397644
8.271,-2.4142647,-0.4599688,-0.6109693,8.272,0.0055893045,-2.1411698,-0.34060803
8.281,-2.460822,-0.32591635,-0.5988028,8.282,0.013046149,-2.2093468,-0.33954275
8.292,-2.5679169,-0.110441506,-0.46222186,8.291,2.6298687E-4,-2.2615447,-0.32569432
8.301,-2.5681028,0.1701903,-0.2436297,8.301,-0.041282292,-2.3030899,-0.3086501
8.313,-2.6528578,0.5176065,6.77824E-4,8.311,-0.110524416,-2.3169382,-0.30332378
8.32,-2.7270966,0.8554183,0.44492054,8.319,-0.18296233,-2.3211994,-0.300128
8.332,-2.7720575,1.1352843,0.88199115,8.331,-0.26711816,-2.3414395,-0.2820185
8.342,-2.7537699,1.3264878,1.2846663,8.341,-0.3619266,-2.3425047,-0.2532564
8.353,-2.7736692,1.2821548,1.7799716,8.352,-0.4460824,-2.2817845,-0.21064587
8.361,-2.8817644,1.1255244,2.1876497,8.362,-0.51852036,-2.1656709,-0.15844797
8.374,-2.8293295,0.9298896,2.539997,8.372,-0.585632,-2.0314476,-0.11796794
8.383,-2.6476707,0.6456951,2.8024893,8.384,-0.63676465,-1.896159,-0.111576356
8.393,-2.2302704,0.30463827,2.9957929,8.392,-0.64315623,-1.7885675,-0.13181637
8.402,-1.5865946,-0.26545942,3.282876,8.403,-0.5994804,-1.7587401,-0.18507956
8.414,-0.9363184,-0.86109143,3.275581,8.413,-0.5110636,-1.7331738,-0.22875535
8.422,-0.18608284,-1.5626236,3.3527784,8.421,-0.39814556,-1.7033464,-0.24047324
8.433,0.43172646,-2.0958047,3.0955691,8.434,-0.2799013,-1.633039,-0.20638482
8.444,1.0249462,-2.3846452,2.8346176,8.443,-0.16591813,-1.5392958,-0.13607743
8.453,2.834681,-2.4939752,2.7447271,8.454,-0.061522298,-1.4732496,-0.17549218
8.463,5.6030383,-2.0709867,2.8676262,8.464,0.03861247,-1.3571358,-0.32995537
8.474,6.1069436,-1.2746668,2.7756424,8.474,0.0844188,-1.0407525,-0.3789575
8.483,5.5774827,-0.5984465,2.2261171,8.484,0.02263352,-0.6242345,-0.2862796
8.494,5.5183535,0.07273099,1.8053751,8.493,-0.060457036,-0.32383013,-0.16697007
8.503,5.544932,0.51494396,1.3311815,8.503,-0.110524416,-0.20132482,-0.06257424
8.515,5.062491,0.80830127,0.44478035,8.514,-0.15633075,-0.19173744,0.034364734
8.522,4.4324293,0.8214004,-0.55252504,8.522,-0.18722339,-0.14273532,0.11106371
8.534,4.202405,0.75018513,-1.4412947,8.535,-0.18935391,0.002140514,0.17071846
8.543,4.2511883,0.53548324,-2.0045261,8.542,-0.14993916,0.21945427,0.22078584
8.554,4.772945,0.1908612,-2.3480158,8.555,-0.087088615,0.4761828,0.23143849
8.565,5.492959,-0.12876132,-2.5729437,8.565,-0.017846493,0.72971547,0.18563214
8.575,6.067904,-0.3347509,-2.6094103,8.574,0.047134582,0.990705,0.10999845
8.584,6.5046964,-0.36256018,-2.5157166,8.585,0.08654933,1.1632777,0.047147896
8.596,6.5954013,-0.350669,-2.4206018,8.595,0.10678934,1.2154756,0.031168945
8.606,6.282653,-0.34857643,-2.7275438,8.605,0.12702934,1.2463683,0.054604743
8.616,6.135113,-0.19064718,-3.0896502,8.615,0.14620408,1.2644778,0.09828056
8.624,6.496994,0.05268772,-3.4678802,8.623,0.16218305,1.306023,0.14621739
8.636,7.2321815,0.2977857,-3.97157,8.637,0.16857463,1.4061579,0.19415426
8.646,8.016607,0.5299127,-4.5149126,8.645,0.16218305,1.5073578,0.23889533
8.655,8.769498,0.5163844,-4.8324814,8.657,0.15579146,1.5233368,0.27937534
8.665,9.476187,0.4535325,-4.8247933,8.666,0.17177041,1.4551599,0.30920273
8.676,9.84681,0.3632765,-4.683921,8.675,0.198402,1.3614168,0.34648696
8.686,9.924083,0.2562781,-4.541118,8.685,0.20053253,1.2644778,0.39868486
8.697,10.516164,0.18065143,-4.166707,8.696,0.19520621,1.1046883,0.39229327
8.707,11.277782,0.2478461,-3.8157372,8.706,0.23462096,1.0173366,0.31133327
8.715,11.193946,0.27360266,-3.5663838,8.717,0.28149256,1.1387767,0.26233113
8.725,10.778706,0.16065207,-3.4682536,8.725,0.3017326,1.3496989,0.29002798
8.738,10.539454,0.008427203,-3.4433846,8.735,0.30918944,1.5531642,0.34542167
8.744,10.207754,0.026616096,-3.4076185,8.743,0.3241031,1.7481074,0.3976196
8.756,9.907789,0.014236897,-3.4085193,8.755,0.34114733,1.9398547,0.42531645
8.767,9.4929695,-0.046748936,-3.311802,8.767,0.36138734,2.1603644,0.41146803
8.777,8.683065,-0.2001034,-3.220075,8.778,0.35712627,2.3318715,0.35713956
8.786,8.00544,-0.25129443,-3.4580312,8.787,0.30705887,2.2828696,0.28044063
8.797,6.68394,-0.118499815,-3.4857852,8.797,0.26551363,2.2232149,0.24635218
8.807,5.2810373,-0.033792317,-3.4199412,8.808,0.21331568,2.2093666,0.23250374
8.817,3.7099323,0.09774196,-3.3232274,8.818,0.16963989,2.2253451,0.24209112
8.826,2.0396414,0.12104833,-3.1893234,8.826,0.14833462,2.2551727,0.28470168
8.837,0.14641953,0.2171017,-2.9519954,8.838,0.13235566,2.3180232,0.33476904
8.848,-1.5920229,0.2863723,-2.6532903,8.847,0.10465881,2.3862002,0.3560743
8.858,-3.3097048,0.39283717,-2.2939167,8.857,0.07696196,2.4724863,0.34648696
8.867,-5.2526646,0.6049773,-2.0686986,8.868,0.036481943,2.564099,0.3187901
8.879,-7.400824,0.8131361,-1.7125441,8.88,-0.029564392,2.5854044,0.28257114
8.887,-9.893413,1.0593896,-1.010367,8.888,-0.10839389,2.429876,0.26233113
8.899,-12.266978,1.4195153,0.0747838,8.898,-0.21065918,2.053838,0.26233113
8.908,-14.352234,1.8453176,0.54681015,8.909,-0.3619266,1.633059,0.2602006
8.92,-16.443703,2.2314124,0.10414925,8.918,-0.5472825,1.4029621,0.25593954
8.928,-18.142342,2.49197,-0.6822268,8.929,-0.6996152,1.4317242,0.24102585
8.938,-19.390484,2.5884328,-0.95118576,8.939,-0.7358342,1.4754,0.18350162
8.948,-18.801281,2.543577,-1.0554053,8.946,-0.5558046,1.281522,0.15900058
8.959,-15.399853,2.13126,-0.84711325,8.958,-0.29161918,0.6263849,0.09295423
8.968,-12.147031,1.4860737,-1.7642131,8.969,-0.12224231,-0.0820153,-0.011441596
8.98,-10.97487,0.9870155,-3.150731,8.979,-0.11798126,-0.4559228,-0.07429214
8.989,-10.753559,0.4638611,-3.5222516,8.988,-0.18509287,-0.5464702,-0.08814056
9.0,-10.155328,-0.0042851567,-2.839239,8.999,-0.18615814,-0.585885,-0.09027109
9.01,-9.159268,-0.6842163,-1.8436725,9.009,-0.19361497,-0.72117347,-0.09772793
9.024,-8.566916,-1.2055855,-1.3606801,9.023,-0.19361497,-0.76271874,-0.07216161
9.032,-8.080378,-1.314694,-0.72925144,9.031,-0.17017917,-0.63808286,-0.026355289
9.039,-7.6323805,-1.1418663,0.21675448,9.038,-0.1339602,-0.35685328,-0.007180542
9.05,-7.080155,-1.1302855,1.0931681,9.051,-0.08602335,0.027706835,-0.09985846
9.06,-7.41469,-0.45860493,1.5162913,9.059,-0.015715966,0.45061648,-0.1573827
9.069,-8.038504,0.23378944,1.426156,9.07,0.04393879,0.80321866,-0.142469
9.081,-8.7008915,0.53728336,1.1034412,9.081,0.085484065,1.0333155,-0.09772793
9.089,-9.446308,0.6411747,0.9288587,9.089,0.15898725,1.1632777,-0.05298687
9.1,-10.068602,0.7273837,0.698817,9.099,0.25166517,1.1994967,-0.018898442
9.109,-10.534622,0.90459514,0.33877146,9.109,0.32623363,1.1536903,0.032234207
9.118,-10.605934,0.8610259,-0.24329528,9.117,0.3624526,1.0514251,0.042886842
9.129,-10.6144705,0.88721496,-0.80391175,9.13,0.34327784,0.8703303,0.05673527
9.14,-10.419603,0.74249977,-1.2194982,9.139,0.2836231,0.65195125,0.08549739
9.151,-9.876966,0.4122343,-1.6317549,9.15,0.14939989,0.3739175,0.051408947
9.16,-8.9910555,0.15709567,-1.7786131,9.159,-0.042347554,0.013858412,-0.046595294
9.17,-7.8123784,0.06423932,-2.0642152,9.17,-0.24474762,-0.32596064,-0.18827534
9.181,-6.4707246,0.1055789,-2.1553912,9.18,-0.39814556,-0.7307608,-0.35658696
9.191,-4.4649076,-0.12130809,-2.9742656,9.19,-0.46845293,-1.180302,-0.52383333
9.202,-1.8314838,-0.15026867,-6.055296,9.201,-0.49721503,-1.5467527,-0.62396806
9.21,1.9944973,-0.14884031,-8.273863,9.211,-0.549413,-2.3137424,-0.70705867
9.22,7.267479,-0.35932004,-7.5950613,9.219,-0.34914342,-3.5909934,-0.8924145
9.232,12.345808,0.73734844,-3.1194725,9.231,0.36032206,-4.540143,-0.8966755
9.242,21.466192,-0.45107073,2.960673,9.241,1.0250465,-3.5079029,-0.8125197
9.252,32.25054,-2.9480188,2.649341,9.251,1.2295771,-0.5059902,-0.47696176
9.263,36.13734,-4.0430336,2.1597435,9.261,1.3883014,1.5957747,0.105737396
9.271,28.519642,-3.0844746,1.8418078,9.272,1.0218507,2.526815,0.447687
9.283,17.719603,-1.178437,0.7720946,9.282,0.3794968,2.967834,0.4594049
9.291,12.829905,0.7040738,2.6789792,9.292,0.011980884,2.62908,0.22291636
9.304,8.591123,1.9309719,1.3438519,9.303,-0.1957455,2.2711515,0.09508476
9.313,5.5345345,2.0455723,1.1279202,9.312,-0.3267729,1.9260063,0.03543
9.321,3.0673437,2.9289784,-0.14767185,9.32,-0.49721503,1.6181452,0.07591002
9.332,1.8582296,3.2682898,-0.3299371,9.333,-0.55367404,1.1100146,0.21545953
9.346,1.9807358,2.5414033,0.3367648,9.346,-0.44927818,0.3707217,0.34542167
9.352,2.9026756,1.4083242,1.1337298,9.353,-0.23729077,-0.23115219,0.39548904
9.363,3.9741573,-0.16521817,2.017798,9.363,0.020502994,-0.44633543,0.3997501
9.373,4.8650513,-1.8985434,2.4532292,9.373,0.2420778,-0.2833501,0.3773796
9.383,5.2888746,-3.2056618,2.1482928,9.384,0.36671364,0.11186265,0.31026798
9.393,5.3336954,-3.7832808,1.1564915,9.393,0.3976063,0.5965575,0.18776268
9.404,4.541934,-3.4662645,0.3243801,9.403,0.39014944,0.9843134,0.074844755
9.413,3.2981243,-2.8365164,-0.0013652444,9.414,0.38162732,1.168604,2.763027E-4
9.422,1.6293383,-1.8504808,-0.40925068,9.421,0.43382522,1.2911094,-0.032746866
9.434,0.1128397,-0.6752209,-1.1081455,9.433,0.32197258,1.2602167,0.06738791
9.443,-1.1921997,0.61518645,-2.1979358,9.443,0.14087777,1.2367809,0.26126584
9.454,-2.1255016,0.8981586,-2.0167832,9.453,0.07270091,1.220802,0.38483644
9.463,-3.2643356,1.2051766,-2.0654426,9.465,0.056721948,1.1952356,0.4594049
9.474,-4.1284676,1.2582633,-1.7667961,9.474,0.107854605,1.1142757,0.4785796
9.485,-5.126175,1.1520303,-1.5042522,9.485,0.17922726,0.9480945,0.46579644
9.494,-6.1516247,1.1939074,-1.4487929,9.494,0.2484694,0.7808481,0.4412954
9.505,-6.935359,1.2461225,-1.2367146,9.504,0.29960206,0.56673014,0.39016277
9.514,-7.489087,1.3111573,-1.1338866,9.515,0.32303786,0.32171956,0.30600694
9.523,-7.6187987,1.3266197,-1.0676097,9.522,0.30812415,0.031967893,0.18776268
9.535,-7.377386,1.3731742,-1.0424088,9.534,0.24527359,-0.28654587,0.04608263
9.544,-6.730508,1.369623,-1.012665,9.543,0.15046515,-0.5944071,-0.08601004
9.56,-5.6811457,1.2716035,-0.9452901,9.559,0.045004055,-0.8596577,-0.17442691
9.565,-4.4373093,1.1137668,-0.9402025,9.564,-0.078566514,-1.0279694,-0.20638482
9.575,-2.8992033,0.8009491,-0.5517156,9.574,-0.14354758,-1.0780368,-0.23088588
9.586,-1.2740412,0.62843317,-0.16339064,9.587,-0.1605918,-1.0194472,-0.22023325
9.595,0.43759632,0.52435815,-0.09686875,9.595,-0.17550549,-0.89374614,-0.1659048
9.607,2.074089,0.46638942,-0.29791725,9.606,-0.17657076,-0.7307608,-0.08494478
9.615,3.4591799,0.444893,-0.60484517,9.616,-0.15846127,-0.549666,0.0045373566
9.625,4.5599737,0.4078582,-0.9310142,9.624,-0.14354758,-0.34300488,0.08017107
9.635,5.0998373,0.4114495,-1.1855705,9.636,-0.14887391,-0.068166874,0.12704265
9.647,4.9776897,0.4984635,-1.2199032,9.647,-0.17657076,0.2418248,0.13663003
9.655,3.9872503,0.49094754,-0.84188724,9.656,-0.1925497,0.4964228,0.12917317
9.666,2.4406967,0.39216256,-0.41527265,9.665,-0.18828866,0.71799755,0.13982582
9.675,1.0086117,0.1776278,-0.2215159,9.676,-0.17657076,0.8884397,0.13876057
9.687,-0.23316193,-0.12012255,-0.016142964,9.686,-0.14887391,0.96087766,0.115324765
9.697,-1.4201031,-0.37185204,0.07643056,9.696,-0.13502549,0.89270073,0.08762792
9.709,-2.4515734,-0.6233274,0.09177232,9.706,-0.13928653,0.69562703,0.064192116
9.716,-3.2011042,-0.89301515,0.10726857,9.715,-0.15206969,0.41546276,0.050343685
9.727,-3.6423435,-1.089014,0.13080478,9.726,-0.16591813,0.08310054,0.047147896
9.737,-3.68155,-1.181831,0.21753526,9.737,-0.16485286,-0.26737115,0.043952104
9.746,-3.2770844,-1.1552786,0.19200695,9.747,-0.14035179,-0.5571228,0.039691053
9.757,-2.538765,-1.0747023,0.22274935,9.758,-0.08389283,-0.7510008,0.026907891
9.769,-1.5875282,-0.95347667,0.44347036,9.767,0.011980884,-0.8628535,-7.889604E-4
9.778,-0.65669346,-0.8533629,0.56329226,9.777,0.12063776,-0.8948114,-0.03594266
9.788,0.09724712,-0.64840484,0.41008568,9.787,0.21331568,-0.8724408,-0.06257424
9.797,0.6373596,-0.4667052,0.16813993,9.798,0.26977468,-0.8031987,-0.080683716
9.808,0.9862623,-0.29726303,-0.092387676,9.807,0.2857536,-0.7233039,-0.08387951
9.817,1.1278257,-0.12616491,-0.33371258,9.818,0.259122,-0.64447445,-0.070031084
9.83,1.1581755,0.020009518,-0.44306487,9.829,0.21118516,-0.569906,-0.04553003
9.837,1.0108747,0.20253539,-0.44397318,9.838,0.157922,-0.51131654,-0.017833177
9.849,0.74056435,0.41627812,-0.45716625,9.848,0.10146302,-0.47190174,0.010928938
9.859,0.4001541,0.5850574,-0.4519859,9.858,0.05033037,-0.45911857,0.026907891
9.869,0.041825294,0.71491545,-0.38816556,9.87,0.0077198315,-0.47190174,0.023712099
9.878,-0.32492447,0.80616844,-0.25066352,9.879,-0.018911757,-0.4910765,0.007733147
9.888,-0.67173386,0.8480531,-0.21169609,9.889,-0.03169492,-0.52196914,-0.010376332
9.898,-0.8314581,0.8308055,-0.1386342,9.899,-0.04873914,-0.5794934,-0.03700792
9.909,-0.93380547,0.7585347,-0.27022457,9.908,-0.077501245,-0.6348871,-0.06257424
9.918,-0.99312305,0.6649773,-0.44118294,9.917,-0.12224231,-0.6924113,-0.08281424
9.928,-0.98306847,0.5937592,-0.5937462,9.929,-0.18722339,-0.75632715,-0.103054255
9.939,-0.86548424,0.5448255,-0.7270124,9.94,-0.2649876,-0.8191777,-0.12329426
9.949,-0.6930399,0.5419499,-0.75504756,9.948,-0.34488237,-0.86924505,-0.14140375
9.959,-0.5084772,0.5810048,-0.73908126,9.958,-0.42690766,-0.8990724,-0.15205638
9.969,-0.40278435,0.5846035,-0.6644958,9.97,-0.50573725,-0.9065293,-0.15525217
9.98,-0.39687252,0.5636368,-0.5360567,9.981,-0.56326145,-0.9065293,-0.14673007
9.991,-0.42110348,0.5565908,-0.40231836,9.99,-0.5973499,-0.8980072,-0.12968585
10.0,-0.48953342,0.5370777,-0.35347623,9.999,-0.6090678,-0.8894851,-0.110511094
10.01,-0.5782623,0.42092252,-0.27211818,10.01,-0.6069372,-0.9193124,-0.10944583
10.018,-0.74465656,0.38345206,-0.45825157,10.018,-0.60161096,-0.9288998,-0.10411952
10.03,-0.76387215,0.3364609,-0.6646155,10.029,-0.605872,-0.9384872,-0.10625004
10.04,-0.7438431,0.26487213,-0.6641288,10.041,-0.6090678,-0.9725756,-0.11583741
10.051,-0.72994995,0.14651263,-0.7130598,10.05,-0.60800254,-1.0002725,-0.12968585
10.061,-0.8010063,0.08382946,-0.69241875,10.06,-0.605872,-1.0055988,-0.13927323
10.07,-1.0094357,-0.006524682,-0.61179054,10.071,-0.605872,-0.9960114,-0.14459954
10.087,-1.2594128,-0.16946381,-0.48239273,10.086,-0.5941541,-0.9693798,-0.15418692
10.091,-1.6060343,-0.2975757,-0.28209412,10.09,-0.5579351,-0.96724933,-0.15844797
10.1,-1.9126129,-0.42833227,-0.15234447,10.101,-0.5174551,-1.0098598,-0.16057849
10.111,-2.236024,-0.46342903,-0.1317035,10.111,-0.4791056,-1.0812325,-0.17229638
10.119,-2.5064783,-0.46612108,-0.073768616,10.12,-0.44821295,-1.1824325,-0.19360167
10.131,-2.6828804,-0.4756933,0.13415241,10.132,-0.41625503,-1.3070683,-0.22875535
10.141,-2.7922277,-0.42964202,0.42685533,10.142,-0.3789708,-1.4295738,-0.27882275
10.152,-2.8823967,-0.3182621,0.74422085,10.151,-0.34275186,-1.5190557,-0.3320859
10.162,-2.882885,-0.22157657,0.8892772,10.161,-0.31185922,-1.568058,-0.37256593
10.172,-2.7136507,-0.15744531,0.8815633,10.173,-0.2969455,-1.5829717,-0.39493647
10.185,-2.6130219,-0.06692809,0.9135481,10.183,-0.28629288,-1.5904285,-0.39600173
10.195,-2.4669104,0.025606573,1.1675541,10.195,-0.26924866,-1.5893631,-0.37469646
10.201,-2.31143,0.084282815,1.3623722,10.202,-0.24368235,-1.5627315,-0.3587175
10.212,-2.1687527,0.082547784,1.6371492,10.211,-0.22237709,-1.552079,-0.33954275
10.22,-2.1270142,-0.014975131,1.8663391,10.221,-0.20533288,-1.5339695,-0.31504172
10.234,-2.1073866,-0.1316587,2.1253657,10.233,-0.17870128,-1.5233169,-0.2862796
10.243,-1.8947935,-0.40432185,2.4373279,10.243,-0.14035179,-1.5243821,-0.27562696
10.253,-1.6709595,-0.7076715,2.6974761,10.252,-0.09880652,-1.504142,-0.2766922
10.263,-1.4889803,-0.9938383,2.7488525,10.263,-0.06365282,-1.4263779,-0.27349642
10.274,-1.1266775,-1.2451943,2.823031,10.273,-0.025303336,-1.3155904,-0.26177853
10.283,-0.7148533,-1.3692023,2.8552012,10.282,0.034351416,-1.2090641,-0.24047324
10.293,-0.17263508,-1.3692498,2.77902,10.294,0.10465881,-1.1046684,-0.21064587
10.303,0.45880604,-1.220526,2.7242105,10.302,0.16537882,-0.9842935,-0.17975323
10.314,1.183075,-0.8925203,2.691816,10.313,0.20905463,-0.8394177,-0.16270901
10.321,1.7979126,-0.5643412,2.6200562,10.322,0.24420832,-0.67110604,-0.16270901
10.334,2.0777159,-0.21870036,2.5764413,10.333,0.2804273,-0.5166428,-0.17229638
10.342,2.3342104,-0.047607273,2.507268,10.341,0.3102547,-0.42609543,-0.19999324
10.354,2.662078,-0.054594457,2.2967758,10.353,0.33262524,-0.36963645,-0.23408167
10.364,2.9352703,-0.15700206,2.0265055,10.363,0.36032206,-0.31211224,-0.25538692
10.374,3.2819653,-0.3888207,1.6968808,10.373,0.38695365,-0.25565326,-0.2543217
10.384,3.8124943,-0.7027704,1.1659861,10.383,0.41358525,-0.17362796,-0.2362122
10.394,4.579177,-1.0415202,0.5563488,10.395,0.4615221,-0.06390582,-0.21064587
10.407,5.6620436,-1.2509351,-0.13072062,10.408,0.5296989,0.055403695,-0.20318903
10.415,6.6871033,-1.2891326,-1.0034566,10.414,0.5978758,0.18003953,-0.21171112
10.423,7.295827,-1.1317072,-1.8134527,10.424,0.6596611,0.31639326,-0.21171112
10.434,7.6656685,-0.85283816,-2.499848,10.435,0.7001411,0.43889853,-0.19573219
10.444,7.8528366,-0.39980507,-3.0379944,10.445,0.69268423,0.5219891,-0.1691006
10.455,8.096139,0.16849999,-3.3768642,10.456,0.6447474,0.5720565,-0.15312164
10.464,8.454153,0.7369203,-3.5068998,10.465,0.5808316,0.60401434,-0.15525217
10.475,8.791127,1.1287996,-3.5655985,10.476,0.5158505,0.62425435,-0.1659048
10.484,9.0646105,1.3915936,-3.549653,10.485,0.45086947,0.6476902,-0.17549218
10.496,9.320075,1.4349657,-3.4738984,10.495,0.38482314,0.68710494,-0.16377428
10.504,9.602457,1.1968924,-3.3519049,10.505,0.31984204,0.7435639,-0.11477215
10.516,10.145381,0.884706,-3.476936,10.515,0.26231784,0.81174076,-0.04233424
10.524,10.864291,0.61822236,-3.5317645,10.523,0.22822939,0.8852439,0.03010368
10.537,11.409198,0.36664078,-3.670345,10.536,0.2015978,1.0333155,0.09188897
10.543,11.612081,0.19982494,-3.7462742,10.544,0.18455358,1.2325197,0.15154372
10.555,11.639162,0.012038618,-3.6957111,10.556,0.16857463,1.4253325,0.21759006
10.566,11.424761,-0.09888816,-3.6673129,10.565,0.15259567,1.6948442,0.29641956
10.578,11.035321,-0.12040144,-3.3022995,10.577,0.17390093,2.0442505,0.36779222
10.586,10.276526,-0.036384553,-2.7919023,10.587,0.157922,2.1678212,0.43596908
10.597,9.403696,-0.010984987,-2.5161502,10.596,0.12702934,1.9877917,0.4828407
10.606,8.4348545,-0.046276152,-2.4045281,10.607,0.09294092,1.7811306,0.48071015
10.618,7.5226603,-0.20667475,-2.1521099,10.617,0.06737459,1.6756694,0.4327733
10.626,6.7375717,-0.4101603,-1.9312565,10.625,0.065244064,1.6341242,0.3795101
10.638,5.706976,-0.5490687,-1.8702822,10.637,0.075896695,1.6639515,0.37205327
10.646,4.783901,-0.6188138,-2.1048079,10.647,0.0641788,1.7715433,0.40188065
10.657,4.048438,-0.42032707,-2.3478112,10.658,0.049265105,1.8642211,0.46047014
10.666,2.9993553,-0.09234452,-2.4233804,10.667,0.075896695,1.9004401,0.544626
10.677,1.4621525,0.10757214,-2.4674177,10.676,0.13768198,1.9537033,0.63943446
10.687,-0.24627209,0.26002413,-2.3721104,10.688,0.2101199,2.0676863,0.7182639
10.697,-2.0826101,0.5114252,-2.1964293,10.698,0.27403572,2.2391937,0.763005
10.707,-3.934043,0.8863095,-1.556919,10.707,0.34860417,2.3925915,0.76726604
10.719,-5.4793835,1.1839979,-1.1914368,10.718,0.38801894,2.5502508,0.70335025
10.727,-6.9054003,1.5284653,-0.9960839,10.726,0.37736627,2.6748865,0.585106
10.738,-8.51069,1.9233849,-0.8899067,10.74,0.30705887,2.701518,0.431708
10.746,-10.536219,2.3365674,-0.83988106,10.746,0.15046515,2.5577075,0.2719185
10.758,-12.889012,2.8782635,-0.90646863,10.759,-0.07430546,2.2818043,0.16539215
10.768,-15.414798,3.1344156,-1.5121008,10.767,-0.3502087,2.1443853,0.094019495
10.778,-17.781092,2.778729,-2.9504476,10.777,-0.59628457,2.3872654,0.058865793
10.788,-20.234707,2.3285594,-4.1179,10.788,-0.5909583,3.1191013,0.13556476
10.798,-19.682152,1.4606384,-4.625677,10.799,-0.28842342,3.59847,0.30920273
10.809,-15.033718,0.45026195,-3.9895058,10.808,0.19094516,3.0914047,0.41572908
10.818,-10.817668,-0.4422723,-4.058899,10.817,0.74168634,1.9984444,0.32518166
10.831,-8.62199,-1.0682518,-5.16663,10.832,1.1092024,0.8980271,0.11319424
10.839,-8.96014,-1.3684326,-6.9236255,10.839,1.2487518,0.19495322,-0.079618454
10.849,-10.240946,-1.4329193,-7.5822325,10.848,1.1315728,-0.35578802,-0.1659048
10.858,-11.105888,-1.1963688,-7.5569687,10.859,0.8183853,-0.864984,-0.07855319
10.869,-11.555641,-0.7349516,-7.3826227,10.868,0.42104208,-1.2122599,0.13343424
10.88,-11.235724,-0.3745203,-5.910701,10.879,0.045004055,-1.624517,0.28683218
10.888,-10.692501,0.26397026,-4.143283,10.889,-0.2042676,-2.0261214,0.40720698
10.899,-9.652224,0.79781103,-2.5662756,10.898,-0.31292444,-2.3510268,0.48071015
10.91,-8.454707,0.9827895,-0.9129753,10.909,-0.3246424,-2.6258647,0.4050764
10.92,-7.9525604,1.5252866,0.12708426,10.919,-0.17337497,-2.5896456,0.2548743
10.929,-7.683231,2.0280728,1.4103806,10.928,0.12383355,-2.2338476,0.11106371
10.941,-7.1823206,2.4312327,2.6574025,10.939,0.47430524,-1.5009463,-0.070031084
10.951,-6.801549,2.462078,2.4459677,10.95,0.7129242,-0.4058554,-0.2979975
10.96,-8.09692,2.3142397,1.4691598,10.961,0.67137897,0.57844806,-0.40026277
10.97,-9.580269,1.9926963,0.36946237,10.969,0.46365264,1.0642083,-0.33741224
10.98,-9.983295,1.4021391,-0.08160275,10.979,0.29534099,1.1366462,-0.23940799
10.99,-9.923256,0.8953956,-0.2960713,10.989,0.17709672,0.99709666,-0.18721008
11.0,-9.260884,0.5176496,-0.86835265,11.001,0.03754721,0.68923545,-0.20638482
11.01,-7.8029165,0.035574913,-1.4825919,11.011,-0.109459154,0.2301069,-0.3235638
11.02,-6.0043263,-0.33945787,-1.9957836,11.019,-0.24474762,-0.41118172,-0.4641786
11.03,-4.229494,-0.7512084,-2.9294953,11.029,-0.31398973,-1.1270388,-0.5621828
11.044,-1.9424372,-1.1130573,-4.6015525,11.043,-0.34914342,-1.8428959,-0.6580565
11.052,1.7829313,-1.43063,-5.5309215,11.051,-0.35340446,-2.845309,-0.81678075
11.062,7.5779333,-1.9638244,-3.666741,11.06,-0.14887391,-4.3345475,-1.0553999
11.072,14.368697,-3.0557318,-0.0056327283,11.071,0.27829677,-5.587297,-1.0767052
11.082,22.886967,-3.6342368,1.1964933,11.081,0.65326947,-4.9215074,-0.5941407
11.094,32.930008,-2.7075863,-3.2062926,11.095,0.7811011,-1.9547485,-0.018898442
11.103,37.198975,-1.524821,-5.034991,11.101,0.7001411,1.168604,0.21545953
11.111,28.600113,-0.33724415,-2.1726866,11.111,0.56591785,2.3233497,0.3422259
11.119,17.35308,2.1000886,1.9897356,11.118,0.6298337,2.478878,0.58617127
11.13,11.88578,2.9197342,3.288166,11.131,0.43276,2.4937918,0.6628702
11.141,8.18132,2.9698703,0.90488625,11.14,-0.041282292,2.2722168,0.6341081
11.151,4.4299192,3.9231362,0.59666824,11.152,-0.2500739,2.0442505,0.625586
11.161,2.9386454,4.620395,0.7557852,11.162,-0.29374972,1.5670125,0.42851225
11.172,2.5030575,4.4179077,0.60929847,11.173,-0.3821666,0.6657996,0.19095847
11.182,2.0817366,3.032071,1.1083472,11.183,-0.44501713,-0.2631101,0.07910581
11.193,1.7534771,1.5459412,1.4374641,11.192,-0.5259772,-0.7510008,0.026907891
11.202,2.0971413,0.6176778,1.0450644,11.203,-0.5611309,-0.71158606,-0.0018542244
11.213,2.6840706,-0.15843618,0.7913095,11.213,-0.56965303,-0.51344705,-0.014637386
11.222,2.9933157,-1.0656322,0.55473155,11.221,-0.5866973,-0.29719853,-0.014637386
11.233,3.0613432,-1.8919266,0.6017189,11.234,-0.58350146,-0.08840688,0.016255256
11.245,2.9461184,-2.1995082,0.9429532,11.244,-0.5462172,0.06073001,0.06951844
11.254,2.7915611,-1.8655931,1.1105775,11.255,-0.48762769,0.14488584,0.10360687
11.265,2.2653465,-1.1248375,1.0462118,11.264,-0.4311687,0.13742898,0.07271423
11.274,1.2071533,-0.36338353,0.74841166,11.273,-0.38110134,0.09694897,0.008798411
11.285,-0.11448574,0.1484245,0.37831342,11.282,-0.33955604,0.0724479,-0.06257424
11.293,-1.5340929,0.38896722,0.006275177,11.294,-0.31079394,0.047946848,-0.13607743
11.304,-2.9845333,0.5881379,-0.24331143,11.303,-0.24048656,0.011727885,-0.20105849
11.313,-4.2625265,0.70374715,-0.22911802,11.314,-0.23729077,-0.08840688,-0.27030063
11.322,-5.2372665,0.44666183,-0.7691214,11.323,-0.33636028,-0.1725627,-0.30438906
11.335,-5.8779364,0.40453798,-0.5266695,11.334,-0.34594765,-0.27908903,-0.34167328
11.343,-6.2140427,0.3086409,-0.36995804,11.342,-0.33422977,-0.45059648,-0.4141112
11.358,-6.6000633,0.2269991,-0.51742285,11.359,-0.36512238,-0.64234394,-0.45885226
11.365,-6.8088436,0.05053073,-0.6382914,11.364,-0.4258424,-0.77443665,-0.46843964
11.374,-6.672493,-0.23892838,-0.63089746,11.375,-0.48656243,-0.83196086,-0.45246068
11.386,-5.9215364,-0.50728303,-0.4291023,11.384,-0.52704245,-0.8894851,-0.43648174
11.394,-4.57609,-0.78344756,-0.09528017,11.395,-0.5153246,-0.9555314,-0.4545912
11.405,-3.3166056,-0.96554315,0.16967598,11.404,-0.432234,-1.0013378,-0.4844186
11.415,-2.2025652,-1.0858185,0.39693174,11.416,-0.30972868,-1.0737756,-0.4908102
11.424,-1.1853647,-1.2445253,0.47893697,11.423,-0.1691139,-1.1717799,-0.47270072
11.435,-0.17820549,-1.4627703,0.41381603,11.434,-0.0061285943,-1.2293042,-0.41943753
11.445,0.9362469,-1.9037764,0.31261706,11.444,0.16005252,-1.2197168,-0.33954275
11.455,1.8515968,-2.1195848,0.2264576,11.456,0.32197258,-1.1568662,-0.23514694
11.466,2.5606918,-2.189263,0.04741907,11.465,0.45406526,-1.0034683,-0.11583741
11.476,2.8621855,-2.0209002,-0.0084068775,11.475,0.54887366,-0.77124083,-0.0061152787
11.487,2.8321848,-1.5947828,-0.036947012,11.486,0.5936147,-0.5081207,0.06845317
11.495,2.2840595,-1.1568705,-0.04594338,11.496,0.59574527,-0.24713115,0.12384687
11.507,1.4862938,-0.75025904,-0.04216051,11.506,0.55952626,-0.022360545,0.15580477
11.515,0.8888521,-0.33478183,-0.05300784,11.516,0.49028423,0.12677635,0.1494132
11.526,0.37240028,0.020833135,0.027135253,11.525,0.4146505,0.18856163,0.116390035
11.536,-0.12205696,0.35132134,0.07406902,11.537,0.3390168,0.16938688,0.063126855
11.544,-0.45536232,0.62563866,0.11957836,11.545,0.29960206,0.054338425,-0.010376332
11.556,-0.7727022,0.84384066,0.21943629,11.557,0.27403572,-0.15125743,-0.070031084
11.567,-1.0180044,0.89031786,0.20856738,11.566,0.24101254,-0.32383013,-0.08281424
11.577,-0.9741125,0.7202902,0.579579,11.576,0.2601873,-0.43035647,-0.091336355
11.587,-0.7617607,0.56451094,0.7257126,11.587,0.26231784,-0.4995986,-0.0870753
11.596,-0.43896484,0.47897,0.85191154,11.597,0.23994727,-0.5240997,-0.0753574
11.607,0.024624825,0.4352491,0.89426315,11.608,0.19201042,-0.48894596,-0.06257424
11.617,0.53949547,0.47121948,0.89038527,11.618,0.12489882,-0.41011646,-0.05298687
11.628,1.0092497,0.51438844,0.8624277,11.627,0.046069317,-0.30039433,-0.05724793
11.637,1.2709494,0.6658944,0.81500864,11.638,-0.035955977,-0.18641111,-0.06683529
11.648,1.2675638,0.8340701,0.6663914,11.649,-0.11265495,-0.08521109,-0.07322687
11.657,1.0596409,0.918857,0.5040599,11.658,-0.17337497,-0.017034229,-0.07216161
11.669,0.7604885,0.9142752,0.36693478,11.668,-0.22237709,0.038359478,-0.06044372
11.678,0.30367374,0.83129406,0.20355308,11.679,-0.25753075,0.066056326,-0.04126898
11.688,0.031723976,0.6256383,0.17189038,11.689,-0.27670553,0.06712159,-0.025290024
11.698,-0.2227354,0.43134964,0.16179919,11.699,-0.27777076,0.061795272,-0.009311069
11.709,-0.40708923,0.19608516,0.20719564,11.708,-0.2713792,0.038359478,2.763027E-4
11.718,-0.5451956,-0.0041069984,0.21408129,11.717,-0.26072654,-0.0053163306,0.00560262
11.728,-0.608243,-0.18879527,0.24184203,11.726,-0.25540024,-0.06390582,0.013059465
11.739,-0.6511526,-0.37223494,0.18676758,11.738,-0.2500739,-0.110777415,0.0024068297
11.747,-0.75308514,-0.39371443,0.014478326,11.746,-0.26179183,-0.15019217,0.014124728
11.758,-0.5482645,-0.4548278,0.016146302,11.759,-0.27564025,-0.19493324,0.016255256
11.77,-0.42929363,-0.41786134,-0.12354565,11.769,-0.27670553,-0.18534586,0.016255256
11.778,-0.30594254,-0.37389195,-0.2399342,11.779,-0.2735097,-0.18534586,0.011994202
11.788,-0.14943218,-0.32328612,-0.35127532,11.789,-0.26605287,-0.17469323,0.0013415662
11.798,-0.07712746,-0.28333884,-0.35111773,11.799,-0.25220445,-0.14486584,-0.010376332
11.809,0.0016794205,-0.20862478,-0.33241665,11.81,-0.23516025,-0.10864689,-0.019963704
11.817,-0.0015449524,-0.13957381,-0.2958839,11.818,-0.2277034,-0.07881951,-0.025290024
11.83,-0.13666153,-0.09262669,-0.3579613,11.829,-0.21918128,-0.038339496,-0.03061634
11.839,-0.39875603,-0.019564152,-0.27358794,11.84,-0.20533288,-0.0074468576,-0.03381213
11.85,-0.79447937,-0.0068709254,-0.13488483,11.849,-0.17976654,0.008532095,-0.046595294
11.859,-1.3567905,-0.04283768,-0.22283447,11.86,-0.15206969,0.02238052,-0.07322687
11.871,-2.0041084,-0.06940913,-0.43399787,11.87,-0.13076442,0.014923674,-0.111576356
11.881,-2.7478085,-0.024705976,-0.64396477,11.88,-0.120111786,-0.013838439,-0.16270901
11.894,-3.432086,0.055741787,-0.6977744,11.893,-0.12117705,-0.08095004,-0.2212985
11.9,-4.054105,0.09687784,-0.66614664,11.901,-0.14354758,-0.18321534,-0.27349642
11.911,-4.677888,0.14208877,-0.59123397,11.91,-0.1840276,-0.33128697,-0.31717223
11.918,-5.0707674,0.1966712,-0.38986635,11.918,-0.23196447,-0.53049123,-0.34273854
11.931,-5.2397695,0.221084,-0.012415886,11.93,-0.26711816,-0.7243692,-0.3587175
11.94,-5.382735,0.24850073,0.5835899,11.94,-0.2799013,-0.8820282,-0.36937013
11.951,-5.5170646,0.28166145,1.190511,11.95,-0.27777076,-1.002403,-0.35339117
11.96,-5.634811,0.15621899,1.5902808,11.961,-0.27244446,-1.0918851,-0.2979975
11.971,-5.759819,-0.018820703,1.6211791,11.97,-0.2681834,-1.1355609,-0.21916798
11.981,-5.7794895,-0.2314579,1.5457158,11.981,-0.2479434,-1.1504745,-0.13288163
11.997,-5.498708,-0.5546721,1.4784783,11.998,-0.18828866,-1.1781715,-0.06044372
12.001,-4.8942184,-0.8499498,1.3936197,12.001,-0.09561073,-1.2356957,-0.025290024
12.012,-4.3050575,-1.0173541,1.2283707,12.011,0.0055893045,-1.3475484,-0.016767915
12.019,-3.6581068,-1.1356906,1.1903218,12.02,0.085484065,-1.5339695,-0.023159493
12.032,-2.872181,-1.2020152,1.2565295,12.031,0.1227683,-1.7693927,-0.04126898
12.041,-2.012618,-1.1109477,1.3321375,12.042,0.10146302,-1.9749886,-0.07322687
12.052,-0.914361,-0.98042136,1.594954,12.051,0.056721948,-2.0868413,-0.1307511
12.061,0.51455975,-0.850001,2.0963728,12.062,0.03115563,-2.065536,-0.21490693
12.073,1.891593,-0.58419764,2.372416,12.072,0.010915622,-1.8642012,-0.28734484
12.083,3.1301842,-0.26392215,2.3274422,12.082,-0.0050633308,-1.5254474,-0.31397644
12.093,4.296278,-0.035628147,2.0985522,12.092,2.6298687E-4,-1.1387568,-0.29693222
12.103,4.9401197,0.31099388,1.4986002,12.105,0.03115563,-0.7797629,-0.25112587
12.112,5.089217,0.40637788,0.6101558,12.113,0.023698784,-0.49746805,-0.16377428
12.122,5.3946323,0.5041888,-0.28429008,12.121,0.036481943,-0.23860905,-0.071096346
12.133,5.787223,0.7322846,-1.0272229,12.132,0.07483143,-0.06284056,-0.028485812
12.141,6.293766,0.6735677,-1.5065799,12.14,0.09400618,-0.05325319,-0.031681605
12.154,6.655303,0.32635406,-1.7370582,12.153,0.1195725,-0.0820153,-0.04126898
12.164,6.954956,-0.07238526,-1.9787612,12.163,0.15472619,-0.036208972,-0.017833177
12.173,7.3261127,-0.43557784,-1.9538963,12.173,0.16857463,0.0522079,0.015189992
12.182,7.759717,-0.42401418,-2.0086224,12.183,0.16857463,0.19921426,0.031168945
12.194,8.143359,-0.16493714,-2.0595963,12.194,0.16537882,0.35367748,0.019451044
12.203,8.534275,0.07317981,-2.2605097,12.204,0.15153041,0.4516817,-0.014637386
12.213,8.951513,0.2520943,-2.634697,12.214,0.12383355,0.47937855,-0.05831319
12.222,9.443225,0.3275185,-3.0464842,12.223,0.10039776,0.46872595,-0.0987932
12.234,9.917549,0.23562893,-3.3489408,12.233,0.10252829,0.4484859,-0.12116373
12.243,10.281692,-0.039665908,-3.4937084,12.244,0.1280946,0.4665954,-0.11583741
12.255,10.450858,-0.33201078,-3.6877255,12.254,0.15685672,0.49748805,-0.071096346
12.263,10.429846,-0.47277075,-3.8508534,12.264,0.15579146,0.49961853,0.022646837
12.275,10.449668,-0.35616675,-3.7940848,12.274,0.12063776,0.49429223,0.14728266
12.284,10.522411,-0.09343104,-3.3931937,12.285,0.068439856,0.52411956,0.253809
12.294,10.469931,0.10021719,-2.838594,12.295,0.024764048,0.62745017,0.3017459
12.304,10.196737,0.4421749,-2.3742101,12.305,0.002393514,0.7701954,0.29535428
12.318,9.943537,0.83932793,-2.1205862,12.319,-0.013585439,0.8639387,0.24315637
12.323,9.480375,1.2062519,-2.3332548,12.322,-0.024238074,0.9651387,0.19202374
12.335,9.108197,1.4658313,-2.729532,12.334,-0.021042284,1.1206671,0.15687004
12.343,9.1274805,1.5242845,-3.1000288,12.342,-0.011454912,1.2943051,0.15367424
12.355,9.2547035,1.2888039,-3.2672238,12.354,-0.009324385,1.4082884,0.20267637
12.365,9.528024,0.72302055,-3.3675525,12.366,-0.029564392,1.4445074,0.29322377
12.376,9.321474,-0.11836712,-3.0391164,12.375,-0.07110967,1.5180105,0.4050764
12.387,8.1313095,-1.0240325,-2.3396387,12.386,-0.12650336,1.7033664,0.488167
12.395,5.835723,-1.3588355,-1.2450209,12.397,-0.12117705,1.9600948,0.53929967
12.405,3.614685,-1.464776,0.00404191,12.406,-0.025303336,2.199779,0.5616702
12.427,-0.2696371,-1.1862175,0.69272125,12.415,0.1366167,2.285,0.5467565
12.422,1.6946144,-1.4603702,0.86849236,12.426,0.27936205,2.3382633,0.53716916
12.436,-2.5873575,-0.8444042,0.20689988,12.435,0.34966946,2.4533117,0.5275818
12.446,-5.0933094,-0.4297765,0.2827984,12.445,0.40506312,2.458638,0.50521123
12.457,-8.076472,0.261006,0.6222646,12.456,0.4647179,2.377678,0.447687
12.466,-10.660566,0.7479017,0.69825816,12.467,0.45406526,2.1848652,0.34116063
12.477,-12.887506,1.1761314,0.5619612,12.475,0.35712627,1.9430505,0.21226373
12.486,-14.859952,1.586259,-0.04077986,12.487,0.2367515,1.8322632,0.105737396
12.497,-16.432186,1.6392856,-1.0831958,12.496,0.17603146,1.9931179,0.042886842
12.506,-17.266535,1.5131949,-2.001858,12.507,0.21970728,2.2935221,0.040756315
12.517,-16.72766,1.1239357,-2.8689375,12.517,0.31877682,2.3702211,0.025842626
12.527,-15.491805,1.0200988,-4.0495462,12.526,0.4061284,2.0879264,0.037560523
12.538,-13.96603,1.0025752,-5.4448347,12.537,0.38375786,1.4519641,0.06845317
12.545,-12.284371,0.9398152,-6.246828,12.546,0.20053253,0.51133645,0.08549739
12.558,-10.956519,0.57642955,-6.5364695,12.558,-0.021042284,-0.3163733,0.07271423
12.568,-10.407543,0.25969726,-5.7075214,12.567,-0.23835604,-0.8745714,0.038625788
12.578,-9.968752,0.33367628,-4.1599884,12.577,-0.45673504,-1.2420872,0.02051631
12.588,-9.6874485,0.4806472,-2.3995385,12.587,-0.5792404,-1.3603315,0.050343685
12.597,-8.991965,0.5320395,-0.22494262,12.598,-0.58350146,-1.3241125,0.0823016
12.607,-8.097657,0.4470392,1.3097271,12.607,-0.5121288,-1.1174514,0.08869318
12.617,-7.5477233,0.30231136,2.2365901,12.618,-0.3853624,-0.6860198,0.09188897
12.629,-7.3061934,0.2939291,2.8886383,12.628,-0.2074634,-0.103320576,0.10041108
12.642,-7.1437664,-0.0034382343,3.2342505,12.64,-0.04447808,0.43037644,0.053539477
12.648,-8.121698,0.14273632,2.5445597,12.649,0.05352616,0.86713445,0.0066678836
12.659,-9.096811,0.14534903,1.4863534,12.658,0.12489882,1.1920398,-0.03700792
12.669,-9.590207,-0.16012913,0.81589437,12.668,0.19627146,1.3113494,-0.09772793
12.679,-10.267446,-0.2868718,-0.0065778196,12.679,0.21118516,1.2367809,-0.11477215
12.689,-10.726781,-0.41998935,-1.1230359,12.688,0.18029253,1.0652734,-0.093466885
12.7,-10.871391,-0.5818175,-1.4980271,12.699,0.16005252,0.78510916,-0.0551174
12.708,-10.958912,-0.5675511,-1.5104389,12.709,0.16750936,0.46553013,-0.0039847516
12.718,-10.710734,-0.46736777,-1.6046793,12.719,0.18135779,0.17577848,0.026907891
12.728,-10.175842,-0.30732077,-1.8147008,12.729,0.1430083,-0.09053741,0.017320517
12.739,-9.340905,-0.22953838,-2.187532,12.738,0.05033037,-0.31424275,-0.028485812
12.748,-8.1683445,0.08818269,-2.9510648,12.747,-0.0934802,-0.5411439,-0.09240162
12.76,-6.7996817,0.26913524,-3.480392,12.759,-0.18935391,-0.8170472,-0.16164374
12.769,-5.140217,0.089609444,-4.3972745,12.77,-0.18615814,-1.1323651,-0.20851535
12.78,-2.5397387,-0.07732314,-6.0972915,12.779,-0.15313496,-1.6255821,-0.21171112
12.789,0.92599964,-0.30290055,-6.9386015,12.79,-0.0029328037,-2.5555573,-0.20531955
12.801,6.6511316,-0.74666095,-4.8348484,12.8,0.39867157,-4.071427,-0.21490693
12.811,15.603721,-1.8059263,1.2719206,12.81,0.7757748,-5.2006063,-0.12755533
12.819,29.995335,-3.9207838,1.8810184,12.82,0.7917537,-4.285545,-0.11796794
12.83,44.500423,-4.26487,-6.6186485,12.829,0.8056022,-2.5374477,-0.18188375
12.84,48.294403,-1.4978337,-2.316546,12.839,1.1198549,-0.5592534,-0.18721008
12.853,35.56686,1.9415672,4.0429683,12.852,1.3765835,2.8123055,-0.014637386
12.862,17.117706,2.712635,2.6215193,12.861,1.0431559,4.029902,0.3624659
12.87,7.4289913,2.1840363,0.28124684,12.871,0.29214522,3.3289583,0.65221757
12.881,3.421317,2.218757,-1.1249479,12.88,-0.120111786,2.9944656,0.69482815
12.891,1.947484,2.443924,-1.4476767,12.89,-0.22983393,2.4628992,0.42531645
12.902,0.9258251,2.5417168,-0.4497952,12.901,-0.18722339,1.128124,0.10254161
12.91,0.22744751,2.1322455,-0.29074523,12.911,-0.060457036,-0.34833118,-0.13927323
12.919,0.3877077,0.9901682,-1.3637589,12.92,0.03754721,-1.180302,-0.32143328
12.932,0.83279324,-0.21253002,-1.9585184,12.933,0.09187565,-1.3368957,-0.38641435
12.941,1.3066816,-1.3949013,-0.9922739,12.942,0.16750936,-1.1685841,-0.3555217
12.95,1.3629246,-2.1525707,-0.051264524,12.951,0.2218378,-0.77869767,-0.279888
12.962,0.7720051,-2.2601478,0.32754347,12.963,0.21864201,-0.25565326,-0.17868797
12.973,0.1316185,-1.6715684,0.7158484,12.971,0.19946727,0.1544732,-0.06683529
12.983,-0.17330074,-0.78668916,0.58975357,12.982,0.14726935,0.39522275,0.008798411
12.993,-1.0511446,0.04105085,0.34009573,12.994,0.085484065,0.51985854,0.04501737
13.002,-2.1536999,0.73145384,0.20586815,13.003,0.03541668,0.51985854,0.07377949
13.011,-3.214757,1.2770336,-0.2238468,13.012,-0.03702124,0.43996382,0.0908237
13.021,-4.203312,1.8920643,-0.3238207,13.022,-0.051934928,0.31000167,0.042886842
13.033,-5.3184347,2.4004421,-0.6494933,13.032,-0.17017917,0.0724479,-0.009311069
13.043,-6.2228894,2.4745064,-0.8949684,13.042,-0.43436453,-0.20984693,-0.019963704
13.053,-6.880979,2.3772268,-0.91637486,13.052,-0.62291616,-0.31317747,-0.025290024
13.065,-6.7391005,2.1692317,-0.4912671,13.064,-0.64635205,-0.30359012,-0.09985846
13.073,-6.9039173,2.0592964,-0.53645015,13.072,-0.58350146,-0.25032693,-0.2095806
13.083,-6.732256,1.7978804,-0.1596874,13.084,-0.49082348,-0.35791853,-0.31504172
13.094,-5.9734945,1.405065,-0.4337459,13.093,-0.4141245,-0.52090394,-0.39493647
13.103,-4.9893045,0.9983134,-0.8353096,13.104,-0.3821666,-0.7201082,-0.43009013
13.113,-3.8463526,0.49828887,-1.0544585,13.114,-0.41199398,-0.94487876,-0.41943753
13.122,-2.3936052,-0.05484593,-1.2416856,13.123,-0.50147617,-1.1291695,-0.37469646
13.133,-0.767787,-0.56280696,-1.296927,13.134,-0.5941541,-1.2356957,-0.31291115
13.144,1.1339865,-0.89006555,-0.97929525,13.143,-0.62504673,-1.2697842,-0.25538692
13.154,2.8970652,-1.0661674,-0.6353489,13.153,-0.6175899,-1.2261084,-0.19360167
13.163,4.3162346,-1.1160653,-0.428635,13.163,-0.59841514,-1.0322304,-0.12116373
13.173,5.257784,-0.9811355,0.04572189,13.175,-0.5909583,-0.69134605,-0.04872582
13.184,5.412775,-0.56276786,0.6840286,13.185,-0.61652464,-0.27589327,0.011994202
13.193,4.4851503,-0.061293364,1.237411,13.194,-0.6516783,0.10440581,0.05993106
13.205,3.0344095,0.31167814,1.5853121,13.204,-0.6612657,0.3707217,0.0823016
13.214,1.4503403,0.6501098,1.6340076,13.215,-0.65913516,0.53796804,0.08762792
13.223,0.2937851,1.141484,1.453591,13.223,-0.6335688,0.61360174,0.074844755
13.234,-0.85569763,1.3610477,1.132237,13.235,-0.63250357,0.5837744,0.05780053
13.244,-1.5046835,1.2586035,0.8718928,13.245,-0.5941541,0.47724804,0.023712099
13.254,-2.0647879,0.7667069,0.23528695,13.255,-0.62504673,0.33237222,2.763027E-4
13.265,-2.4141102,-0.015444607,-0.12024003,13.266,-0.61652464,0.12464583,-0.009311069
13.278,-2.3304462,-0.602821,0.11642498,13.279,-0.5217162,-0.12143005,-0.03594266
13.287,-2.1372194,-1.2955667,-0.2212686,13.286,-0.43649504,-0.37389752,-0.05298687
13.295,-1.6959124,-1.9158609,-0.05596894,13.294,-0.34914342,-0.5752323,-0.044464767
13.306,-1.0096941,-2.4709575,0.21655643,13.306,-0.2564655,-0.6551271,-0.031681605
13.314,-0.08496475,-2.790849,0.79451394,13.315,-0.14993916,-0.63382185,-0.026355289
13.325,0.80656433,-2.7355883,1.3326125,13.324,-0.039151765,-0.5166428,-0.031681605
13.335,1.6302538,-2.2496188,1.6807108,13.336,0.065244064,-0.31956908,-0.03913845
13.345,2.1724138,-1.4154389,1.7718108,13.343,0.1280946,-0.11929952,-0.04126898
13.356,2.2615175,-0.49673128,1.5490954,13.357,0.1366167,0.03942474,-0.032746866
13.366,1.968504,0.29396886,1.1920011,13.365,0.11211566,0.1661911,0.00560262
13.377,1.5911627,0.8782129,0.93824726,13.376,0.062048268,0.23543322,0.051408947
13.387,1.0540352,1.2664914,0.73352677,13.386,0.008785095,0.25993428,0.08656265
13.397,0.53249645,1.4343507,0.61553323,13.396,-0.035955977,0.25354272,0.105737396
13.407,-0.047249794,1.4836569,0.53925717,13.406,-0.06578335,0.24289006,0.12278161
13.416,-0.52014923,1.2522174,0.49059725,13.417,-0.07110967,0.22265007,0.12704265
13.426,-0.98677635,0.87119067,0.42733097,13.425,-0.061522298,0.16086477,0.12065108
13.436,-1.3319798,0.43023884,0.41172016,13.437,-0.04447808,0.06712159,0.10254161
13.448,-1.5392189,-0.012940079,0.45451748,13.447,-0.018911757,-0.05218792,0.07164896
13.456,-1.584671,-0.39800894,0.43704236,13.457,-0.011454912,-0.19173744,0.047147896
13.468,-1.4205551,-0.65752614,0.37449992,13.466,-0.03489071,-0.31424275,0.034364734
13.477,-0.9856005,-0.8010793,0.52854943,13.477,-0.0380865,-0.39200696,0.023712099
13.489,-0.45758438,-0.7780956,0.65153813,13.488,-0.028499128,-0.4239649,0.016255256
13.501,-0.009242058,-0.67216337,0.70556664,13.5,-0.011454912,-0.40692067,0.017320517
13.507,0.31607723,-0.49211922,0.7385969,13.507,0.015176676,-0.35365748,0.029038414
13.517,0.45611477,-0.31822264,0.66826534,13.517,0.049265105,-0.295068,0.051408947
13.528,0.46622658,-0.20426062,0.5731801,13.526,0.085484065,-0.25245747,0.07804055
13.538,0.36363983,-0.09468582,0.41662335,13.537,0.116376705,-0.22795641,0.105737396
13.545,0.28746223,-0.080235004,0.27464187,13.546,0.14407356,-0.22263008,0.12384687
13.558,0.1277132,-0.064450026,0.26020038,13.559,0.1664441,-0.23647852,0.13236898
13.568,-0.002456665,-0.084990144,0.17409146,13.567,0.18348831,-0.25778377,0.12917317
13.577,-0.1510582,-0.055336356,0.14987338,13.578,0.18881464,-0.28548065,0.11958582
13.589,-0.32488537,0.026768208,0.13692546,13.588,0.18774937,-0.3216996,0.106802665
13.602,-0.5600996,0.12581068,0.14994252,13.601,0.178162,-0.38241962,0.08336686
13.608,-0.76754665,0.2509231,0.109071136,13.607,0.16857463,-0.41970384,0.0705837
13.617,-0.85195637,0.33378422,0.1364454,13.618,0.15579146,-0.4644449,0.053539477
13.629,-0.91386414,0.42898732,0.070103526,13.628,0.13981251,-0.5102513,0.034364734
13.638,-0.9508734,0.4693418,-0.07764006,13.639,0.12170303,-0.545405,0.016255256
13.649,-1.0396099,0.4885016,-0.20004177,13.65,0.10146302,-0.57842815,-7.889604E-4
13.66,-1.2516184,0.4674539,-0.39540982,13.659,0.08335354,-0.60719025,-0.01570265
13.67,-1.4957886,0.40652972,-0.5803292,13.669,0.059917744,-0.6455397,-0.02742055
13.679,-1.8434772,0.35142344,-0.7897694,13.68,0.030090367,-0.6806934,-0.034877393
13.691,-2.1868439,0.28326505,-0.9283116,13.69,-0.007193858,-0.7158471,-0.03913845
13.699,-2.6381187,0.24760956,-0.9865949,13.699,-0.061522298,-0.7595229,-0.044464767
13.71,-3.0940504,0.32273024,-1.050041,13.709,-0.13928653,-0.78935033,-0.056182668
13.718,-3.5261574,0.46891674,-0.9835136,13.718,-0.22876866,-0.784024,-0.08281424
13.73,-3.9305372,0.6865962,-0.7405524,13.729,-0.315055,-0.75632715,-0.11583741
13.741,-4.3398,0.9902643,-0.42330766,13.739,-0.40134132,-0.7137166,-0.14886059
13.75,-4.819435,1.3752573,-0.07090068,13.749,-0.48762769,-0.66151863,-0.18401429
13.76,-5.291616,1.7823279,0.4335301,13.761,-0.5600657,-0.6125166,-0.21810272
13.77,-5.6718926,2.2385173,0.96891963,13.769,-0.62504673,-0.569906,-0.2628438
13.779,-6.0504594,2.5866723,1.4715337,13.78,-0.6783099,-0.5411439,-0.3118459
13.791,-6.440528,2.6959822,2.08462,13.792,-0.7017457,-0.54220915,-0.3619133
13.801,-6.666851,2.5702407,2.674181,13.8,-0.6964194,-0.58055866,-0.417307
13.815,-6.735878,1.9759375,3.184074,13.816,-0.6602004,-0.65619236,-0.46950492
13.818,-6.69226,0.927475,3.541251,13.819,-0.59841514,-0.75632715,-0.4897449
13.829,-6.3501167,-0.18227708,3.3717766,13.83,-0.5334341,-0.8170472,-0.47909227
13.84,-5.8259935,-1.2970994,2.7024148,13.841,-0.4812361,-0.8543314,-0.44713438
13.852,-4.8783107,-2.3499212,2.211945,13.851,-0.4024066,-0.9374219,-0.40026277
13.861,-3.3211718,-3.4297202,1.6529913,13.862,-0.26179183,-1.083363,-0.37150067
13.872,-1.2358589,-4.409045,0.97702265,13.871,-0.06258756,-1.3305042,-0.38215327
13.881,0.85585785,-4.871631,0.45846105,13.882,0.19307569,-1.6692579,-0.41304594
13.891,2.7094707,-4.7273746,0.03561735,13.892,0.48389262,-1.9696622,-0.43541646
13.902,4.438058,-4.2831826,-0.42920828,13.901,0.7246421,-2.090037,-0.42369857
13.912,6.0437517,-3.3534913,-0.9762988,13.911,0.8609959,-1.9590096,-0.36830488
13.924,7.694311,-2.0798583,-1.6611598,13.925,0.8823011,-1.6053421,-0.29480168
13.931,9.36289,-0.4421353,-2.4288564,13.932,0.8364948,-1.1536704,-0.23088588
13.941,11.091627,1.2489232,-2.9382129,13.941,0.77044845,-0.707325,-0.21277641
13.953,12.212598,2.4573965,-3.0766006,13.953,0.72357684,-0.29932907,-0.21490693
13.962,12.137866,2.9131079,-3.0923743,13.962,0.6990758,0.11399318,-0.16803533
13.973,10.9080105,2.4675288,-3.0484433,13.972,0.6777705,0.49748805,-0.04233424
13.983,9.511667,1.4833125,-2.8733525,13.983,0.6767053,0.7222586,0.116390035
13.992,8.680419,0.4864598,-2.7069821,13.993,0.70227164,0.73504174,0.24954796
14.003,8.142679,0.047013734,-2.9347167,14.003,0.7033369,0.6061449,0.33689958
14.013,7.999297,0.23272276,-3.3949294,14.014,0.6266379,0.42718065,0.35181326
14.022,8.232075,0.72423613,-3.8409762,14.021,0.47324002,0.24821639,0.29109323
14.034,8.591251,1.009234,-3.9618587,14.033,0.30918944,0.10866687,0.18563214
14.042,8.995786,0.9165567,-3.7974215,14.043,0.18774937,0.06073001,0.114259504
14.054,9.29363,0.7530361,-3.4592652,14.053,0.10465881,0.09694897,0.13663003
14.063,9.555863,0.576632,-3.1752663,14.062,0.05033037,0.21519323,0.25807008
14.075,9.946758,0.2756567,-2.897818,14.074,0.03754721,0.38457012,0.42851225
14.083,10.540654,-0.059625655,-2.777555,14.084,0.060983006,0.59336174,0.5819102
14.093,11.287998,-0.41713974,-2.7629943,14.094,0.10359355,0.82132816,0.65967447
14.103,12.175948,-0.7167877,-2.9277558,14.104,0.15046515,1.0322503,0.63836914
14.115,12.911135,-0.8315562,-3.196054,14.114,0.19307569,1.2687387,0.524386
14.122,13.256453,-0.72297746,-3.2718172,14.123,0.23994727,1.5457073,0.3539438
14.135,12.834731,-0.4089136,-3.0466862,14.136,0.29107994,1.83972,0.20800269
14.143,11.730897,-0.115026355,-2.993762,14.142,0.3123852,2.1486464,0.15900058
14.155,10.226088,0.111661494,-2.82932,14.154,0.27829677,2.3702211,0.19948058
14.164,8.750276,0.4922403,-2.7280886,14.163,0.21118516,2.5427938,0.27831006
14.175,7.154607,0.81112707,-2.7285643,14.175,0.118507236,2.7494547,0.32198587
14.185,4.993431,1.0495917,-2.5361094,14.184,0.024764048,2.8602424,0.33263853
14.197,4.2097034,1.2026064,-1.9836848,14.194,-0.027433865,2.7121706,0.3422259
14.205,3.4007769,1.4246151,-2.4447162,14.204,-0.09561073,2.612036,0.3560743
14.214,1.7093859,1.5987346,-2.8476696,14.213,-0.16165707,2.6514506,0.36779222
14.223,-0.52565956,1.6319847,-3.1009245,14.222,-0.21918128,2.7771518,0.3390301
14.235,-2.5585823,1.6023633,-3.1758893,14.235,-0.24900867,2.8570466,0.25913534
14.245,-4.345886,1.4861984,-2.981949,14.244,-0.22131181,2.8080444,0.17711005
14.255,-6.3743057,1.219491,-2.5260887,14.254,-0.16485286,2.6759517,0.13556476
14.267,-8.686031,0.7086925,-2.1011724,14.266,-0.109459154,2.531076,0.09721529
14.275,-11.118898,0.09061676,-1.3280948,14.275,-0.04660861,2.332937,0.022646837
14.286,-13.50927,-0.4496879,-0.2737633,14.285,0.006654568,2.0080316,-0.03700792
14.296,-15.71803,-0.9875915,0.79209054,14.295,0.048199844,1.5584905,-0.0987932
14.307,-17.722061,-1.7671459,1.4447956,14.306,0.058852475,1.1867135,-0.18721008
14.317,-19.636019,-2.2550406,0.40859944,14.316,0.04393879,1.3411767,-0.24686483
14.326,-21.036407,-1.9900388,-2.369508,14.327,0.024764048,2.1635602,-0.21490693
14.337,-20.82196,-0.8811587,-4.418296,14.336,0.0844188,2.9135056,-0.009311069
14.35,-18.140436,0.09163374,-4.4939427,14.349,0.20585884,2.7025833,0.23783007
14.357,-13.903102,0.14741272,-4.6549935,14.356,0.30492836,1.6287979,0.33689958
14.366,-10.631544,0.31315333,-5.482498,14.367,0.32623363,0.23649849,0.27831006
14.377,-9.360476,0.5891463,-6.4217834,14.376,0.26657888,-0.8639187,0.16432688
14.387,-9.684669,0.60609585,-6.392115,14.387,0.20798938,-1.4242473,0.06632264
14.398,-10.0931635,0.7582092,-5.070425,14.397,0.13448618,-1.7661968,0.03543
14.408,-9.592977,0.764984,-3.6921968,14.407,0.029025102,-2.109212,0.04501737
14.419,-8.913008,0.8172075,-2.1735263,14.418,-0.068979144,-2.3936372,0.06951844
14.427,-7.3532286,0.63851535,0.44732976,14.427,-0.0934802,-2.4192035,0.05673527
14.438,-5.898822,0.482656,2.2517009,14.439,-0.03276018,-1.8524833,0.015189992
14.449,-5.2992916,0.3827402,2.4459302,14.448,0.07909249,-0.9661841,-0.029551078
14.458,-5.7110167,0.19462997,3.009736,14.457,0.23781675,-0.13101742,-0.06044372
14.468,-7.298841,0.12975669,2.6951983,14.467,0.3592568,0.5965575,-0.080683716
14.477,-8.834445,0.1680206,2.233626,14.478,0.44021684,1.0748608,-0.11690267
14.487,-9.852237,0.10165173,1.6361597,14.489,0.5062631,1.2900441,-0.1659048
14.498,-10.609577,0.08242655,0.8283306,14.497,0.5563305,1.2804567,-0.23088588
14.509,-11.151303,0.20185363,0.09999055,14.507,0.5403515,1.0620776,-0.2820185
14.518,-11.5634365,0.53316176,-0.9085995,14.517,0.38695365,0.71799755,-0.26390904
14.527,-11.32197,0.6107932,-2.02856,14.527,0.17922726,0.36646065,-0.20851535
14.539,-10.395614,0.46602803,-2.3556411,14.538,-0.0029328037,-0.07881951,-0.15099111
14.548,-8.940337,0.30500793,-2.8560967,14.547,-0.14035179,-0.549666,-0.11690267
14.564,-7.031508,0.4338072,-4.044229,14.562,-0.27564025,-1.0418178,-0.1254248
14.568,-4.9932046,0.64811295,-5.289635,14.569,-0.34275186,-1.5329043,-0.17229638
14.579,-2.604226,0.5876384,-6.442642,14.578,-0.2649876,-2.0911026,-0.2830838
14.59,0.8714533,0.6459571,-7.0742373,14.589,-0.08495809,-2.9923155,-0.47589648
14.6,5.779216,0.8391024,-6.0377917,14.599,0.27297047,-4.3196335,-0.72516817
14.61,12.904782,0.5614009,-1.1894529,14.609,0.70546734,-5.280501,-0.833825
14.618,22.753887,-1.3950691,1.0233117,14.619,0.66179156,-4.3558526,-0.639947
14.627,34.205326,-2.8050761,-2.909145,14.629,0.34647363,-2.0218604,-0.22236378
14.64,40.873314,-1.76811,-2.9676461,14.639,0.28894943,0.13210265,0.104672134
14.649,32.9562,-0.87032163,0.0627588,14.65,0.3038631,1.7928483,0.4349038
14.661,18.965504,-1.5987995,2.7647572,14.66,0.2154462,2.5406632,0.7576787
14.67,12.905301,-1.4614177,2.6933436,14.669,0.09187565,2.5992527,0.8215945
14.681,8.353751,-0.30620414,0.66608715,14.68,0.09400618,2.552381,0.7981587
14.689,4.912999,0.45202178,-0.12205699,14.69,0.16218305,2.3201537,0.7363734
14.701,3.547555,1.1569655,0.08128296,14.7,0.29427573,1.7321284,0.52119017
14.71,3.5991087,1.683512,0.18511061,14.711,0.45299998,0.84476393,0.19415426
14.72,3.4082594,1.7459722,0.20960157,14.719,0.5520694,0.0287721,-0.071096346
14.729,2.8734198,1.4114801,-0.20984401,14.73,0.4870884,-0.3589838,-0.15525217
14.74,3.0892448,1.008371,-0.4858548,14.741,0.29640627,-0.3952028,-0.11264162
14.75,3.790018,0.37332302,-0.16869767,14.751,0.11105039,-0.26204482,-0.032746866
14.762,4.021555,-0.28558475,0.13859867,14.761,-0.03169492,-0.0031858035,0.051408947
14.77,3.5388622,-0.71200746,0.20100689,14.771,-0.14354758,0.33343747,0.13876057
14.781,2.7380047,-0.82549894,0.17355964,14.78,-0.22450761,0.67751753,0.24635218
14.791,2.1317205,-0.6531279,0.28251135,14.791,-0.24900867,0.9065492,0.3070722
14.801,1.5857973,-0.37464988,0.29724237,14.8,-0.21705076,0.9651387,0.274049
14.812,0.6381674,-0.040201247,0.0787608,14.811,-0.18296233,0.91826713,0.19948058
14.82,-0.6033325,0.25743413,-0.40002033,14.819,-0.17763601,0.87352604,0.124912135
14.83,-1.9233665,0.42211252,-0.56752956,14.831,-0.1552655,0.75634706,0.047147896
14.842,-2.827155,0.59852266,-0.7109803,14.843,-0.14035179,0.5720565,0.0045373566
14.852,-3.827632,0.7607371,-0.98169965,14.851,-0.1691139,0.43889853,-0.040203713
14.862,-5.0486946,0.85847616,-1.0541208,14.863,-0.19787602,0.33876377,-0.103054255
14.872,-6.2368793,0.9119574,-0.93946946,14.871,-0.21065918,0.23117216,-0.15418692
14.883,-7.1436496,0.8433402,-0.8836651,14.882,-0.21278971,0.10334055,-0.19147113
14.892,-7.700456,0.7641394,-0.9062281,14.893,-0.2074634,-0.027686864,-0.22023325
14.902,-7.9989247,0.6799205,-0.84907204,14.903,-0.2074634,-0.19386797,-0.24153851
14.912,-7.97769,0.6702995,-0.9240077,14.913,-0.23302972,-0.42716068,-0.24047324
14.921,-7.25292,0.6227109,-1.0260257,14.92,-0.30759817,-0.7414134,-0.23940799
14.933,-6.103667,0.67599356,-1.2996743,14.932,-0.4034719,-1.0173167,-0.22236378
14.941,-4.651824,0.7094767,-1.088668,14.942,-0.49721503,-1.245283,-0.21916798
14.952,-3.107563,0.6689044,-0.71870786,14.953,-0.58137095,-1.4072031,-0.21916798
14.963,-1.3650112,0.57542986,-0.28359967,14.963,-0.5941541,-1.4444875,-0.23727746
14.973,0.6690264,0.49392426,0.2089846,14.972,-0.5398257,-1.3550053,-0.2916059
14.984,1.9923124,0.21545804,-0.18867119,14.982,-0.50999826,-1.1558009,-0.2862796
14.993,2.7211428,-0.33971864,-0.5377162,14.994,-0.45353925,-0.9246388,-0.2362122
15.004,3.0811253,-0.90334976,-0.58392876,15.003,-0.37257922,-0.70306396,-0.14566481
15.014,3.2305126,-1.3206207,-0.40607548,15.013,-0.2649876,-0.49214175,-0.05937846
15.022,2.9471064,-1.6947062,0.010417998,15.022,-0.19787602,-0.3419396,0.032234207
15.033,2.4231625,-1.917707,0.42509896,15.034,-0.14461285,-0.18428059,0.12278161
15.044,1.9386606,-1.4667852,0.80867034,15.045,-0.06578335,-0.012773176,0.14089109
15.054,1.210886,-0.90489453,0.762972,15.054,-0.01997702,0.075643696,0.124912135
15.065,0.22629833,-0.51537436,0.8398363,15.064,0.0077198315,0.11292792,0.09721529
15.075,-0.65584755,-0.22974932,0.6904361,15.074,0.019437728,0.12251529,0.07271423
15.084,-1.2301455,0.05521387,0.74587876,15.085,0.010915622,0.02238052,0.051408947
15.094,-1.6592855,0.37556756,0.5792577,15.095,-0.010389648,-0.087341614,0.031168945
15.105,-1.8217268,0.578334,0.603135,15.104,-0.026368601,-0.2897417,0.00560262
15.115,-1.7033243,0.61792016,0.6564038,15.114,-0.03702124,-0.5081207,-0.018898442
15.123,-1.4765568,0.5235255,0.7571939,15.122,-0.0380865,-0.66897553,-0.031681605
15.134,-1.108427,0.3446471,0.8769238,15.135,-0.027433865,-0.763784,-0.038073182
15.144,-0.63482666,0.08899462,1.0234315,15.143,-0.008259121,-0.80532926,-0.038073182
15.154,-0.16152477,-0.17544991,1.1184607,15.155,0.017307203,-0.80426395,-0.03913845
15.166,0.21597195,-0.37480915,1.1501942,15.165,0.048199844,-0.77124083,-0.03381213
15.175,0.5089092,-0.5774379,1.1072525,15.175,0.07376617,-0.7307608,-0.03381213
15.186,0.6459446,-0.69564265,0.88581824,15.185,0.0993325,-0.67430186,-0.025290024
15.195,0.7204819,-0.77178836,0.740586,15.195,0.12489882,-0.62636495,-0.01570265
15.206,0.65618515,-0.77956027,0.5835495,15.205,0.15259567,-0.5922765,-0.009311069
15.215,0.6111746,-0.7504564,0.47353375,15.216,0.17390093,-0.58908075,-0.0039847516
15.225,0.38261604,-0.66799605,0.282048,15.225,0.20053253,-0.55392706,-0.0039847516
15.236,0.10431862,-0.46105546,0.206859,15.235,0.22077253,-0.5592534,0.0013415662
15.247,-0.07491112,-0.26330233,0.28032184,15.248,0.22822939,-0.57842815,2.763027E-4
15.257,-0.31048775,-0.027695239,0.33145845,15.256,0.22077253,-0.59547234,-0.002919488
15.267,-0.4684763,0.21658927,0.48207402,15.266,0.21331568,-0.6242345,-0.017833177
15.276,-0.6301985,0.4086579,0.4630401,15.277,0.19627146,-0.65619236,-0.04126898
15.288,-0.8003864,0.5835141,0.4137522,15.287,0.16963989,-0.6945419,-0.06044372
15.297,-0.9788189,0.66020644,0.3516786,15.296,0.13448618,-0.74460924,-0.0753574
15.308,-1.1197624,0.6894051,0.25652397,15.309,0.09081039,-0.8031987,-0.07855319
15.317,-1.1990662,0.7104041,0.110057,15.316,0.03861247,-0.85859245,-0.0753574
15.327,-1.204793,0.7068873,0.0078042746,15.328,-0.007193858,-0.9193124,-0.07216161
15.336,-1.1249428,0.6646226,-0.052368045,15.337,-0.040217027,-0.93103033,-0.07429214
15.346,-1.3142462,0.68373156,-0.14465356,15.345,-0.057261243,-0.96724933,-0.080683716
15.357,-1.3198996,0.6229558,-0.17124534,15.358,-0.068979144,-1.0205125,-0.09027109
15.368,-1.4262438,0.51572853,-0.32190204,15.367,-0.078566514,-1.0524704,-0.100923724
15.378,-1.5569077,0.36687446,-0.3522923,15.377,-0.08602335,-1.0854936,-0.11796794
15.388,-1.7953787,0.24761373,-0.39407516,15.387,-0.09774125,-1.1227778,-0.13501216
15.398,-2.088603,0.12430805,-0.5065913,15.398,-0.11265495,-1.1579314,-0.15099111
15.41,-2.445897,0.114040256,-0.6061795,15.409,-0.13715601,-1.2101294,-0.17016585
15.418,-2.8116102,0.10605723,-0.5600517,15.417,-0.16591813,-1.2836325,-0.19147113
15.427,-3.2757025,0.11670333,-0.36418724,15.426,-0.20959392,-1.3688536,-0.21064587
15.438,-3.655405,0.27839935,-0.16557384,15.437,-0.2799013,-1.4210516,-0.23301642
15.448,-4.12197,0.49367702,0.1177454,15.447,-0.34914342,-1.4807063,-0.25858274
15.458,-4.253807,0.5841078,0.74698734,15.459,-0.39814556,-1.57658,-0.279888
15.469,-4.2864275,0.66118854,1.1774163,15.468,-0.4375603,-1.6298432,-0.29586697
15.479,-4.197899,0.7344632,1.605374,15.478,-0.4812361,-1.6404958,-0.29906273
15.488,-4.0063314,0.7263696,1.9508191,15.487,-0.5334341,-1.6191906,-0.2916059
15.498,-3.6080923,0.58987963,2.3423405,15.499,-0.5781751,-1.6000159,-0.29267117
15.509,-3.0323257,0.26968384,2.8949142,15.51,-0.5866973,-1.59682,-0.30758485
15.522,-2.4008808,-0.18335609,3.2532427,15.523,-0.57497936,-1.5701884,-0.31823748
15.528,-1.7530804,-0.6960471,3.4899797,15.528,-0.5515436,-1.4902937,-0.30758485
15.538,-1.2254009,-1.2656916,3.61491,15.539,-0.50147617,-1.3390262,-0.27562696
15.549,-0.72783184,-1.7791939,3.5628593,15.549,-0.41518977,-1.1312999,-0.22982061
15.559,-0.11343098,-2.1121147,3.3914127,15.559,-0.31185922,-0.92037773,-0.17975323
15.57,0.5866442,-2.210535,3.0209193,15.569,-0.21492024,-0.7371524,-0.13820796
15.58,1.3390923,-2.0642297,2.4993606,15.579,-0.12543811,-0.58908075,-0.110511094
15.591,2.1896925,-1.7286346,2.0599985,15.59,-0.04660861,-0.4878807,-0.10625004
15.6,3.3068123,-1.3220243,1.7323217,15.601,0.008785095,-0.3589838,-0.12329426
15.61,3.8463774,-0.9916399,1.0577607,15.611,0.03115563,-0.14380059,-0.14992586
15.62,5.0074587,-0.70861185,0.87832737,15.619,0.04393879,0.03303316,-0.21384168
15.63,5.3637924,-0.32109213,0.31186628,15.629,0.03754721,0.23649849,-0.24366903
15.64,5.147915,-0.10943312,-0.37770557,15.641,0.014111413,0.4143975,-0.20745008
15.651,5.2968693,-0.0876196,-1.0375023,15.652,-0.0146507025,0.5219891,-0.120098464
15.66,5.6865225,-0.074311756,-1.3273683,15.659,0.0045240405,0.5816438,-0.026355289
15.671,6.1489906,0.0074924007,-1.5166149,15.671,0.049265105,0.6093407,0.04501737
15.681,6.518408,0.13069531,-1.5908823,15.68,0.10359355,0.6370376,0.08336686
15.691,6.747307,0.24504349,-1.76792,15.69,0.18029253,0.6849744,0.09295423
15.701,7.004842,0.2463433,-2.051651,15.7,0.2569915,0.7030839,0.084432125
15.712,7.3043146,0.2503251,-2.7643013,15.711,0.28255785,0.68071336,0.07271423
15.719,7.618779,0.33795655,-3.5046659,15.72,0.25273046,0.64662486,0.06099632
15.732,8.006003,0.35123807,-3.8797736,15.731,0.20798938,0.62745017,0.054604743
15.741,8.533527,0.19144875,-4.0177317,15.74,0.1866841,0.6093407,0.058865793
15.751,9.028195,-0.09919601,-3.887148,15.75,0.18135779,0.5731217,0.094019495
15.761,9.4828415,-0.2381216,-3.9809952,15.761,0.1664441,0.46766067,0.15580477
15.772,10.0714245,-0.20340627,-4.359323,15.771,0.15472619,0.33663327,0.2016111
15.782,10.863698,0.09414978,-4.5030155,15.781,0.18029253,0.31319746,0.20267637
15.791,11.683766,0.26793435,-4.2597294,15.793,0.20479357,0.39841855,0.18030584
15.801,12.015641,0.23481888,-4.1635556,15.802,0.2015978,0.5358375,0.18882795
15.813,12.025741,0.24070507,-4.0684705,15.812,0.18348831,0.72651964,0.23463427
15.82,11.899343,0.2930556,-3.9197507,15.819,0.14407356,0.9438335,0.31452903
15.833,11.61903,0.39942306,-3.7968318,15.834,0.096136704,1.1909746,0.4295775
15.845,11.362349,0.4541501,-3.6164296,15.844,0.07270091,1.4743346,0.53716916
15.853,11.223994,0.37001944,-3.2465582,15.854,0.07376617,1.7182801,0.57871443
15.863,11.088296,0.22421847,-2.9585824,15.862,0.09507144,1.8727431,0.54569125
15.873,10.280078,0.18839778,-2.8941698,15.872,0.15366094,2.0602295,0.46366593
15.883,9.557015,0.24498393,-2.3578308,15.882,0.23888202,1.9654212,0.370988
15.893,8.548535,0.22111249,-3.001127,15.894,0.3038631,1.9377242,0.2985501
15.902,6.64839,0.18478036,-3.192858,15.903,0.34540838,2.1124272,0.30281115
15.914,4.0830545,0.085226,-2.5907614,15.913,0.34114733,2.3403938,0.35181326
15.922,1.6739883,-0.09111786,-1.901962,15.921,0.28894943,2.4213538,0.3475522
15.934,-1.1768837,-0.08761132,-1.437048,15.933,0.24420832,2.4341369,0.33157325
15.941,-3.902627,-0.056123435,-1.6159328,15.942,0.18135779,2.5417285,0.30920273
15.954,-6.2520285,-0.054359734,-1.9016141,15.955,0.075896695,2.6898003,0.27298376
15.963,-8.589112,0.07500619,-1.4221873,15.964,-0.042347554,2.6621032,0.26446164
15.976,-10.931817,0.2684117,-0.5320045,15.975,-0.14887391,2.4831393,0.29961535
15.983,-13.346587,0.5419768,0.055462122,15.984,-0.26179183,2.2530422,0.3560743
15.995,-15.757524,1.0072397,0.71808296,15.996,-0.37044868,1.9984444,0.40720698
16.003,-17.6944,1.4620333,0.6705385,16.004,-0.40666765,1.9654212,0.43809962
16.015,-18.711481,1.7997534,-0.8967607,16.014,-0.34807816,2.369156,0.4146638
16.022,-18.596975,1.8888857,-2.650678,16.023,-0.22024655,2.8474593,0.34116063
16.036,-17.55443,2.2433748,-3.4873,16.035,-0.04660861,2.8165667,0.31772482
16.045,-15.068461,1.9110088,-3.7623284,16.044,0.105724074,2.070882,0.22611217
16.057,-12.668915,1.6172023,-4.622572,16.056,0.178162,0.9033534,0.07377949
16.065,-11.279475,1.4135201,-5.3515587,16.066,0.1430083,-0.27802378,-0.06790055
16.075,-10.924431,1.1059091,-5.5012674,16.075,0.096136704,-1.1281041,-0.21916798
16.087,-10.4891815,0.84927,-4.4583817,16.084,0.07376617,-1.6809758,-0.35339117
16.095,-10.404175,0.94846773,-3.550474,16.094,0.062048268,-1.9622054,-0.35658696
16.104,-9.669601,0.55510867,-2.2925844,16.104,0.03115563,-2.158214,-0.33954275
16.115,-8.481194,-0.32044727,-1.052221,16.114,-0.07217493,-2.295633,-0.3331512
16.124,-7.5989695,-0.5647079,1.3482959,16.123,-0.14993916,-2.1401045,-0.23940799
16.136,-6.632619,-0.4995873,2.4763336,16.135,-0.12969916,-1.3635273,-0.101988986
16.144,-5.848776,-0.47769737,2.7894135,16.143,-0.012520175,-0.35472277,-0.049791083
16.155,-5.8494997,-0.2806499,3.9565496,16.156,0.14726935,0.4463554,-0.06470477
16.166,-7.9978833,0.12284756,3.1090312,16.167,0.198402,0.97046506,-0.024224758
16.177,-9.695376,0.2620178,2.110203,16.176,0.18455358,1.1952356,0.049278423
16.187,-10.36728,0.3885169,1.6732693,16.186,0.18348831,1.2122798,0.08762792
16.197,-10.734664,0.5181238,1.1548653,16.196,0.1749662,1.0652734,0.07910581
16.206,-10.746069,0.56272286,0.4609808,16.206,0.1366167,0.80108815,0.05993106
16.218,-10.508188,0.46184403,-0.033366464,16.216,0.107854605,0.5219891,0.040756315
16.227,-10.292314,0.52419156,-0.16019109,16.228,0.098267235,0.24821639,0.017320517
16.236,-9.778655,0.46465367,-0.61902463,16.237,0.013046149,0.015988939,-0.008245804
16.246,-8.901211,0.38145274,-0.9369022,16.245,-0.08389283,-0.17788902,-0.07642266
16.256,-7.661215,0.06277567,-1.0604428,16.256,-0.13076442,-0.40692067,-0.17975323
16.268,-6.2557106,-0.073617816,-1.8595308,16.269,-0.21918128,-0.7105208,-0.300128
16.277,-4.5248137,-0.068057835,-3.9106333,16.276,-0.3502087,-0.96298826,-0.4556565
16.288,-2.4688482,-8.6164474E-4,-6.0300317,16.287,-0.4024066,-1.2175863,-0.6250333
16.297,0.90394497,-0.079250455,-6.8345113,16.299,-0.2799013,-1.8929633,-0.8274334
16.307,6.0638237,-0.18383539,-5.378773,16.308,0.21331568,-3.2554355,-1.0543346
16.318,13.600787,-0.55334955,0.3894059,16.318,0.9675222,-4.819242,-1.1395557
16.327,23.988266,-3.0866601,3.8447518,16.326,1.0857666,-4.532686,-0.67510074
16.339,36.30227,-4.355279,-1.5234916,16.338,0.99521905,-1.944096,0.19095847
16.346,45.103546,-3.9268043,-2.1622477,16.346,1.1262466,0.77339125,0.44555646
16.358,36.310223,-1.3883338,-1.1632792,16.359,1.0825708,2.4991179,0.31559432
16.37,18.804607,0.27132624,-0.9346944,16.369,0.65326947,2.8357413,0.47431856
16.379,11.0162325,0.8777478,1.7909722,16.378,0.50413257,2.6716907,0.56486595
16.387,7.2554874,1.0390862,1.0409186,16.388,0.43382522,2.4639645,0.45088276
16.399,4.1717644,1.5646565,-0.9038782,16.398,0.31984204,2.0964484,0.41679436
16.408,2.2885942,2.449633,-0.71676725,16.409,0.19733675,1.3582209,0.39229327
16.418,2.118003,3.1831844,-1.1709054,16.417,0.07163564,0.4900312,0.2857669
16.429,2.6917562,3.3948598,-1.1572654,16.428,0.026894573,-0.21517323,0.10041108
16.438,2.7389908,2.8868868,-0.48210633,16.439,0.08335354,-0.5549924,-0.06470477
16.449,2.721551,1.8699633,-0.15903455,16.448,0.13555145,-0.60932076,-0.11690267
16.459,2.7568474,0.77659297,-0.39329815,16.46,0.12383355,-0.47935858,-0.044464767
16.469,2.527255,-0.23536885,-0.3314232,16.47,0.096136704,-0.17575848,0.063126855
16.485,2.0420094,-0.99507934,-0.10366297,16.483,0.096136704,0.24608585,0.13023844
16.489,1.3247023,-1.4594963,4.4697523E-4,16.49,0.11424618,0.639168,0.14515214
16.5,0.48586464,-1.7061764,-0.032854736,16.499,0.14620408,0.8948313,0.11319424
16.51,-0.74819756,-1.7833407,-0.21600479,16.51,0.18774937,1.0290544,0.07804055
16.518,-2.1963844,-1.7252464,-0.5151477,16.517,0.22290306,1.0365114,0.05993106
16.531,-3.67107,-1.538166,-0.8181939,16.53,0.23994727,0.96087766,0.06951844
16.541,-5.023904,-1.2477088,-0.9756332,16.54,0.259122,0.8713955,0.09828056
16.551,-6.0783277,-0.8836808,-0.882554,16.55,0.28468835,0.7499555,0.11852056
16.56,-6.938044,-0.42491007,-1.012102,16.561,0.31664625,0.65408176,0.12171635
16.57,-7.55637,0.08219266,-1.1080536,16.571,0.34008208,0.5326417,0.10041108
16.582,-7.955799,0.6215027,-1.141746,16.581,0.34008208,0.3696564,0.04501737
16.59,-8.321529,1.1968393,-1.1781173,16.591,0.32942942,0.17045215,-0.031681605
16.601,-8.498812,1.7034402,-1.3263631,16.6,0.32623363,-0.050057396,-0.08281424
16.611,-7.9647484,1.7880025,-1.1061041,16.61,0.30705887,-0.295068,-0.13714269
16.619,-7.239683,1.7166556,-0.83123326,16.618,0.2868189,-0.45379224,-0.2042543
16.632,-6.5292597,1.5698309,-0.42666966,16.631,0.2687094,-0.5187734,-0.2543217
16.642,-5.701443,1.2394938,0.023998052,16.641,0.26125258,-0.5177081,-0.27562696
16.652,-4.734558,0.77909374,0.4280488,16.651,0.25273046,-0.48042384,-0.26390904
16.662,-3.6190987,0.24463421,1.0546398,16.661,0.2218378,-0.45166174,-0.22342904
16.672,-2.2453737,-0.21273023,2.1096406,16.671,0.21864201,-0.4474007,-0.15525217
16.683,-0.40841007,-0.59057784,3.6921482,16.682,0.3283642,-0.35791853,-0.06896582
16.695,2.5072021,-1.0498539,3.6673965,16.696,0.5009368,-0.08521109,0.04501737
16.702,7.339979,-1.0620208,1.9232186,16.701,0.64794314,0.036228947,0.14408687
16.712,13.033608,-1.188826,-0.3528685,16.713,0.7033369,-0.30572063,0.17604478
16.72,15.611683,-2.1866894,-3.362277,16.721,0.71079373,-0.6221039,0.21972059
16.731,12.126626,-3.7604046,-4.369145,16.733,0.78642744,-0.28761116,0.3070722
16.741,7.1911297,-4.367654,-3.2325997,16.742,0.8854969,0.31000167,0.3390301
16.753,3.089838,-3.5650923,-2.6510968,16.752,0.9142591,0.7393028,0.31985536
16.763,-0.5089865,-2.0572038,-2.2692652,16.763,0.86419165,0.9566166,0.3187901
16.772,-3.4312887,-0.46561402,-1.4936775,16.773,0.7651222,0.9598124,0.33689958
16.784,-5.3056135,1.1087166,-0.5786712,16.783,0.64048636,0.74249864,0.33689958
16.792,-6.324155,2.647584,0.012493491,16.793,0.48282737,0.3941575,0.3273122
16.803,-6.4733763,4.0908775,0.09070301,16.802,0.2687094,-0.009577384,0.28789744
16.813,-5.6632347,5.1568556,0.04075998,16.813,0.075896695,-0.38028908,0.16752268
16.821,-4.5612345,5.716799,0.27284557,16.821,-0.003998067,-0.64767027,-0.019963704
16.833,-3.483533,5.6027036,0.30082667,16.833,-0.027433865,-0.82876503,-0.22236378
16.844,-2.3246002,4.6495495,0.15877163,16.843,-0.050869666,-0.91398615,-0.4023933
16.854,-1.1792068,2.8234408,0.2693017,16.853,-0.09880652,-0.9043988,-0.49826702
16.864,0.07551956,0.633928,0.7063393,16.863,-0.14567812,-0.8117208,-0.47163543
16.873,1.8040752,-1.3348306,1.4706796,16.874,-0.078566514,-0.61571234,-0.39600173
16.884,3.4792385,-3.0476036,2.0318453,16.883,0.055656686,-0.3888112,-0.30332378
16.893,4.5225067,-4.2212195,1.9423966,16.894,0.17070515,-0.17043218,-0.19147113
16.907,4.8421307,-4.950635,1.7496889,16.906,0.28468835,0.064991064,-0.07748792
16.915,4.365699,-4.978699,1.5908804,16.916,0.39973682,0.25354272,0.03010368
16.922,3.2601852,-4.135811,1.2099398,16.922,0.51265466,0.37711325,0.12810792
16.935,1.926405,-2.910261,0.51807547,16.934,0.62450737,0.4900312,0.20054585
16.943,0.6875,-1.7596676,-0.24398002,16.942,0.7193158,0.5912312,0.23143849
16.955,-0.43553066,-0.44082332,-0.7726529,16.954,0.8098632,0.634907,0.22504689
16.965,-1.1514463,0.72429955,-1.237044,16.966,0.8567348,0.5965575,0.17604478
16.974,-1.7174606,1.5919919,-1.4509506,16.975,0.85993063,0.47405225,0.09295423
16.985,-2.203724,2.2198923,-1.5932548,16.984,0.81518954,0.28550062,0.0045373566
16.995,-2.4007263,2.5763981,-1.4002808,16.995,0.73529476,0.03303316,-0.071096346
17.006,-2.2519493,2.6378884,-1.115346,17.005,0.60959363,-0.20239007,-0.12329426
17.014,-1.7771378,2.4005322,-0.7733984,17.015,0.4412821,-0.36324486,-0.142469
17.025,-1.0530081,2.035708,-0.25008065,17.024,0.26125258,-0.44527015,-0.11903321
17.036,-0.14167118,1.5000833,0.18123814,17.035,0.11211566,-0.42822593,-0.071096346
17.047,0.72500706,0.89905745,0.5227501,17.046,0.027959837,-0.3440701,-0.025290024
17.055,1.3392305,0.27304995,0.69819456,17.056,0.018372467,-0.19067219,0.013059465
17.066,1.5007849,-0.25205183,0.7244889,17.067,0.065244064,-0.017034229,0.034364734
17.075,1.3515625,-0.6423454,0.52306914,17.076,0.12702934,0.12038477,0.042886842
17.087,1.0140762,-0.77996796,0.3416271,17.086,0.18774937,0.18323532,0.033299472
17.097,0.65351677,-0.7055784,0.2782064,17.098,0.23142517,0.18003953,0.015189992
17.109,0.38453865,-0.5113593,0.25313348,17.109,0.259122,0.14914688,-0.010376332
17.12,0.089728355,-0.27001816,0.23086503,17.119,0.275101,0.12677635,-0.03913845
17.133,-0.21176434,-0.029766798,0.18920185,17.125,0.27616623,0.116123706,-0.061508983
17.141,-0.50789356,0.15777779,0.15890221,17.138,0.28894943,0.107601605,-0.070031084
17.146,-0.7723017,0.3675555,0.011684895,17.145,0.25166517,0.0873616,-0.06257424
17.155,-0.91652393,0.5106576,-0.0683264,17.155,0.21651149,0.06712159,-0.040203713
17.166,-0.86190224,0.51444167,0.097487256,17.165,0.21651149,0.026641574,-0.018898442
17.177,-0.7140999,0.43924648,0.061759397,17.176,0.21757676,-0.027686864,0.0013415662
17.188,-0.50685596,0.30169612,0.07921949,17.187,0.22609887,-0.077754244,0.018385783
17.197,-0.26661873,0.09446311,0.12057361,17.198,0.2420778,-0.112907946,0.033299472
17.207,-6.2561035E-4,-0.12275094,0.15795551,17.206,0.26125258,-0.13421321,0.04608263
17.216,0.1954937,-0.3095045,0.18520838,17.217,0.2804273,-0.13634373,0.054604743
17.226,0.36014462,-0.48301005,0.21720468,17.227,0.30279782,-0.12675637,0.055670004
17.238,0.46229553,-0.5532315,0.17151175,17.237,0.32516837,-0.1054511,0.051408947
17.248,0.44472218,-0.50183225,0.1093026,17.247,0.34647363,-0.08308057,0.042886842
17.264,0.3721962,-0.37493753,0.09742746,17.268,0.3826926,-0.058579504,0.019451044
17.269,0.21853256,-0.2065022,0.09568336,17.267,0.3656484,-0.06603635,0.031168945
17.277,0.07232952,-0.03247571,0.040487714,17.289,0.39973682,-0.06497109,0.0045373566
17.289,-0.056861877,0.13539457,-0.019558176,17.285,0.3944105,-0.057514243,0.009863675
17.297,-0.14277172,0.25214887,0.007249534,17.297,0.39973682,-0.070297405,0.0024068297
17.307,-0.15441513,0.35646802,-0.03239178,17.307,0.3944105,-0.070297405,-7.889604E-4
17.316,-0.12543488,0.4148333,-0.100556314,17.315,0.3890842,-0.061775293,0.0013415662
17.327,-0.06065464,0.38008958,-0.0737528,17.326,0.38695365,-0.051122658,0.0034720933
17.342,0.01594162,0.3934422,-0.114940874,17.341,0.37417048,-0.037274234,0.00560262
17.348,0.09715843,0.32813394,-0.064075775,17.349,0.37203997,-0.009577384,0.010928938
17.358,0.1424017,0.1870457,0.0054793954,17.359,0.3805621,0.015988939,0.019451044
17.37,0.14700985,0.049510956,0.09856864,17.368,0.39547575,0.03942474,0.026907891
17.379,0.17559242,-0.07743275,0.06474254,17.378,0.40399787,0.06073001,0.034364734
17.39,0.24003792,-0.10062599,0.11007566,17.389,0.4093242,0.066056326,0.042886842
17.398,0.268569,-0.122975886,0.15471336,17.399,0.4178463,0.06818686,0.048213158
17.41,0.27797222,-0.15196937,0.18937162,17.409,0.42636842,0.08310054,0.042886842
17.418,0.23715782,-0.11695939,0.2080628,17.419,0.42530313,0.09694897,0.029038414
17.429,0.088829994,0.031249285,0.115431845,17.43,0.40399787,0.095883705,0.019451044
17.44,-0.052049637,0.23780316,-0.10740502,17.439,0.3645831,0.0873616,0.015189992
17.451,-0.14720154,0.42917645,-0.31008288,17.45,0.31131995,0.064991064,0.014124728
17.459,-0.19676113,0.63198256,-0.39011663,17.46,0.25166517,0.036228947,0.013059465
17.471,-0.21279621,0.7626333,-0.47886053,17.47,0.19094516,0.018119466,0.009863675
17.481,-0.19063473,0.8640461,-0.5313087,17.481,0.13981251,0.008532095,0.007733147
17.49,-0.09210396,0.9364264,-0.51532656,17.489,0.096136704,0.0064015677,0.008798411
17.499,0.0014076233,0.92996645,-0.44860733,17.5,0.060983006,0.02238052,0.011994202
17.511,0.089969635,0.8761182,-0.33073735,17.511,0.034351416,0.041555267,0.018385783
17.52,0.12583637,0.6821042,-0.23869628,17.519,0.011980884,0.06073001,0.027973153
17.532,0.14977455,0.48702627,-0.14824276,17.531,-0.0029328037,0.07990475,0.034364734
17.541,0.13076496,0.29562616,-0.13415244,17.54,-0.01997702,0.08949213,0.041821577
17.555,0.13579464,0.13175744,-0.14477803,17.556,-0.03489071,0.10334055,0.04608263
17.56,0.13656902,0.05659008,-0.15252641,17.561,-0.04660861,0.106536336,0.039691053
17.572,0.097213745,0.054875135,-0.16926391,17.571,-0.057261243,0.10121002,0.024777364
17.581,0.04895401,0.096536934,-0.26284814,17.582,-0.07110967,0.098014235,0.011994202
17.593,-0.02452755,0.122178555,-0.34503147,17.591,-0.08495809,0.10121002,-7.889604E-4
17.602,-0.061552048,0.14384133,-0.3223752,17.601,-0.09241493,0.10440581,-0.009311069
17.612,-0.098023415,0.17141122,-0.32389554,17.611,-0.09134967,0.107601605,-0.016767915
17.619,-0.17869568,0.15776145,-0.27151853,17.62,-0.08495809,0.10227529,-0.026355289
17.632,-0.24398041,0.13869017,-0.24548224,17.631,-0.08069704,0.086296335,-0.03594266
17.641,-0.28238773,0.10958451,-0.24900061,17.642,-0.079631776,0.058599487,-0.046595294
17.652,-0.2896986,0.07286984,-0.31105208,17.651,-0.08602335,0.024511047,-0.05724793
17.661,-0.26644802,0.049896657,-0.35224545,17.662,-0.09774125,9.986572E-6,-0.06896582
17.673,-0.20370388,0.0026531816,-0.35967952,17.672,-0.109459154,-0.019164756,-0.079618454
17.681,-0.11622906,-0.05893892,-0.3579867,17.683,-0.11372021,-0.03194792,-0.08920583
17.694,-0.060938835,-0.113354445,-0.27497798,17.693,-0.1051981,-0.033013184,-0.09666267
17.702,0.028708458,-0.15818828,-0.23337309,17.703,-0.08602335,-0.02342581,-0.103054255
17.713,0.032039642,-0.22884941,-0.15586019,17.712,-0.06258756,-0.012773176,-0.10625004
17.721,0.023543358,-0.27515018,-0.097346455,17.722,-0.03276018,-0.004251067,-0.110511094
17.734,-0.034285545,-0.34000486,-0.07620548,17.733,-0.0018675402,-0.004251067,-0.11370689
17.743,-0.15948486,-0.40652627,-0.09099963,17.742,0.030090367,-0.013838439,-0.11690267
17.753,-0.30148125,-0.42990255,-0.05541505,17.752,0.060983006,-0.029817391,-0.11903321
17.766,-0.43409157,-0.483779,-0.012066111,17.767,0.09187565,-0.051122658,-0.12755533
17.774,-0.515131,-0.54703623,0.032355875,17.775,0.1227683,-0.07881951,-0.142469
17.784,-0.5643692,-0.57540894,0.07374784,17.783,0.14194304,-0.10758163,-0.15418692
17.794,-0.5728798,-0.6020967,0.14061296,17.794,0.16963989,-0.13314795,-0.1691006
17.803,-0.5036659,-0.6439407,0.22980301,17.804,0.20053253,-0.15125743,-0.18721008
17.814,-0.43575573,-0.7198236,0.28366625,17.814,0.23568621,-0.16830166,-0.2042543
17.822,-0.41857815,-0.7560635,0.30502295,17.823,0.26657888,-0.18534586,-0.21703745
17.834,-0.37340832,-0.72583705,0.30537835,17.833,0.29107994,-0.20132482,-0.22662483
17.843,-0.23964214,-0.70524734,0.26789534,17.845,0.31451574,-0.20132482,-0.22982061
17.855,-0.086880684,-0.69707674,0.29920286,17.854,0.3368863,-0.20132482,-0.23301642
17.864,0.06561279,-0.68351805,0.3661181,17.863,0.35712627,-0.19173744,-0.23195113
17.875,0.255785,-0.6499904,0.37580663,17.874,0.37310523,-0.17788902,-0.22555956
17.885,0.46880436,-0.5575224,0.369817,17.884,0.38588837,-0.16723637,-0.2095806
17.895,0.68079185,-0.4155985,0.40527737,17.895,0.39227998,-0.15445322,-0.19253638
17.905,0.9459419,-0.2226004,0.4601534,17.904,0.39334524,-0.14167006,-0.17655745
17.913,1.1173172,-0.021880686,0.5482969,17.914,0.3976063,-0.11823426,-0.15418692
17.923,1.1965199,0.2058602,0.63985664,17.924,0.39227998,-0.07242793,-0.12329426
17.935,1.1950588,0.36731076,0.64763093,17.934,0.36777893,-0.0074468576,-0.08281424
17.945,1.1867666,0.4941098,0.71852005,17.945,0.33795154,0.06712159,-0.03913845
17.955,1.1310644,0.55558836,0.7439296,17.956,0.29747152,0.1278416,0.0024068297
17.966,0.9850397,0.57796544,0.8113552,17.965,0.24953465,0.16832162,0.039691053
17.976,0.8396883,0.58244735,0.9179469,17.975,0.20266305,0.20347533,0.07377949
17.986,0.5994301,0.54488194,1.0664997,17.985,0.15472619,0.23756374,0.10360687
17.995,0.3385725,0.45302373,1.1232176,17.995,0.105724074,0.2663259,0.13343424
18.005,0.119319916,0.3213696,1.1223125,18.006,0.05352616,0.28230482,0.16006583
18.016,-0.048892975,0.19036084,1.0723808,18.017,0.008785095,0.28337008,0.18030584
18.025,-0.1901493,0.037872314,1.0036484,18.025,-0.02317281,0.26419532,0.19841532
18.037,-0.3141451,-0.15538102,0.9037369,18.036,-0.0380865,0.2301069,0.2165248
18.046,-0.3851366,-0.27702922,0.86248493,18.047,-0.039151765,0.19495322,0.23463427
18.057,-0.40327358,-0.3488099,0.8678157,18.056,-0.022107547,0.16512583,0.24741744
18.066,-0.38305187,-0.45506775,0.8448763,18.067,0.0077198315,0.1395595,0.2484827
18.077,-0.3963375,-0.54436886,0.80038846,18.076,0.040742997,0.118254244,0.24102585
18.088,-0.3929243,-0.5458935,0.7339283,18.087,0.078027226,0.105471075,0.22611217
18.097,-0.38006592,-0.5179802,0.6852958,18.098,0.116376705,0.0990795,0.20800269
18.106,-0.3339033,-0.5016306,0.57254326,18.107,0.14833462,0.09694897,0.18776268
18.116,-0.29993725,-0.45641756,0.4576027,18.115,0.17603146,0.10227529,0.16432688
18.126,-0.30203533,-0.38747305,0.38039157,18.125,0.2015978,0.105471075,0.14302161
18.138,-0.39516258,-0.350282,0.27476656,18.137,0.21651149,0.10014476,0.12384687
18.147,-0.5048599,-0.29297185,0.18347007,18.148,0.21970728,0.0873616,0.11212898
18.158,-0.5785866,-0.26566696,0.084040076,18.157,0.21118516,0.06818686,0.104672134
18.168,-0.5733547,-0.26017606,0.117767155,18.167,0.2015978,0.044751056,0.09615002
18.178,-0.4943161,-0.23924321,0.2474007,18.177,0.19201042,0.019184731,0.0908237
18.193,-0.4132595,-0.22840369,0.37688822,18.192,0.18774937,-0.0053163306,0.08656265
18.198,-0.3110628,-0.25383425,0.60404503,18.197,0.19627146,-0.029817391,0.084432125
18.207,-0.19492626,-0.32008022,0.8783241,18.208,0.21651149,-0.04260055,0.08017107
18.218,-0.11980343,-0.43447447,1.1290541,18.217,0.24420832,-0.037274234,0.0705837
18.227,-0.12617207,-0.4516902,1.3472867,18.226,0.27403572,-0.03940476,0.058865793
18.239,-0.2019453,-0.41521794,1.4597307,18.238,0.29107994,-0.044731077,0.049278423
18.248,-0.33261013,-0.32252103,1.3858486,18.249,0.29107994,-0.06390582,0.039691053
18.259,-0.42969036,-0.22143847,1.3092257,18.258,0.2836231,-0.096928984,0.024777364
18.269,-0.48623276,-0.098119915,1.1930711,18.268,0.26977468,-0.13421321,0.007733147
18.28,-0.49281597,-0.0029655695,1.0475228,18.279,0.24527359,-0.16191007,-0.01570265
18.288,-0.45912647,0.08265239,0.97935796,18.289,0.21757676,-0.17895429,-0.044464767
18.299,-0.4043703,0.09612936,0.96349144,18.298,0.1898799,-0.20345534,-0.06683529
18.31,-0.357234,0.05260265,0.9551199,18.309,0.15685672,-0.22263008,-0.079618454
18.318,-0.35340023,-0.022930026,0.9561348,18.317,0.117441975,-0.23115219,-0.08601004
18.328,-0.3137884,-0.13931495,0.93449533,18.329,0.07163564,-0.22369534,-0.0870753
18.339,-0.30048656,-0.31502825,0.938923,18.338,0.020502994,-0.1991943,-0.093466885
